NA NA NA NA NA NA NA NA NA NA NA NA NA NA NA NA NA NA NA NA NA NA NA 123 NA 123 122.4545 NA NA NA NA NA NA NA 121 121 NA NA NA NA NA NA NA NA NA NA NA NA NA NA NA NA NA NA NA NA NA NA NA NA NA NA NA NA NA NA NA NA NA NA NA NA NA NA NA NA NA NA NA NA NA NA NA NA NA NA NA NA NA NA NA NA NA NA NA NA NA NA NA NA NA NA NA NA NA NA NA NA NA NA NA NA NA NA NA NA NA NA NA NA NA NA NA NA NA 
NA NA NA NA NA NA NA NA NA NA NA NA NA NA NA NA NA NA NA NA NA 124 124 123 123 123 122.625 122 122 NA NA 121.75 121 121 121 121 120 120 120 119.8182 119 119 NA NA NA NA NA NA NA NA NA NA NA NA NA NA NA NA NA NA NA NA NA NA NA NA NA NA NA NA NA NA NA NA NA NA NA NA NA NA NA NA NA NA NA NA NA NA NA NA NA NA NA NA NA NA NA NA NA NA NA NA NA NA NA NA NA NA NA NA NA NA NA NA NA NA NA NA NA NA NA NA NA NA NA 
NA NA NA NA NA NA NA NA NA NA NA NA NA NA NA NA NA NA NA NA 124 124 124 123 123 123 122.75 122 122 122 122 121.75 121 121 121 121 120.1875 120 120 119.75 119 119 118.6875 118 NA NA NA NA NA NA NA NA NA NA NA NA NA NA NA NA NA NA NA NA NA NA NA NA NA NA NA NA NA NA NA NA NA NA NA NA NA NA NA NA NA NA NA NA NA NA NA NA NA NA NA NA NA NA NA NA NA NA NA NA NA NA NA NA NA NA NA NA NA NA NA NA NA NA NA NA NA NA NA NA NA 
NA NA NA NA NA NA NA NA NA NA NA NA NA NA NA NA NA NA NA 124.7692 124.0625 124 124 123 123 123 122.8125 122 122 122 122 121.8125 121 121 121 121 120.5 120 120 119.8125 119 119 118.8125 118 118 NA NA NA NA NA NA NA NA NA NA NA NA NA NA NA NA NA NA NA NA NA NA NA NA NA NA NA NA NA NA NA NA NA NA NA NA NA NA NA NA NA NA NA NA NA NA NA NA NA NA NA NA NA NA NA NA NA NA NA NA NA NA NA NA NA NA NA NA NA NA NA NA NA NA NA NA NA NA NA NA 
NA NA NA NA NA NA NA NA NA NA NA NA NA NA NA NA 125 125 125 124.5625 124 124 124 123 123 123 123 122.25 122 122 122 122 121.125 121 121 121 120.3125 120 120 119.9375 119 119 119 118 118 118 NA NA NA NA NA NA NA NA NA NA NA NA NA NA NA NA NA NA NA NA NA NA NA NA NA NA NA NA NA NA NA NA NA NA NA NA NA NA NA NA NA NA NA NA NA NA NA NA NA NA NA NA NA NA NA NA NA NA NA NA NA NA NA NA NA NA NA NA NA NA NA NA NA NA NA NA NA NA NA 
NA NA NA NA NA NA NA NA 126 125.7857 NA NA NA NA 125 125 125 125 124.875 124 124 124 124 123 123 123 123 122.0625 122 122 122 121.9375 121.0625 121 121 121 120.3125 120 120 120 119.125 119 119 118.125 118 118 NA NA NA NA NA NA NA NA NA NA NA NA NA NA NA NA NA NA NA NA NA NA NA NA NA NA NA NA NA NA NA NA NA NA NA NA NA NA NA NA NA NA NA NA NA NA NA NA NA NA NA NA NA NA NA NA NA NA NA NA NA NA NA NA NA NA NA NA NA NA NA NA NA NA NA NA NA NA NA 
NA NA NA NA NA NA NA NA 125.4375 125 125 125 125 125 125 125 125 125 124.4375 124 124 124 124 123 123 123 123 122 122 122 122 122 121.1875 121 121 121 120.125 120 120 120 119.125 119 119 118.3125 118 118 117.2857 NA NA NA NA NA NA NA NA NA NA NA NA NA NA NA NA NA NA NA NA NA NA NA NA NA NA NA NA NA NA NA NA NA NA NA NA NA NA NA NA NA NA NA NA NA NA NA NA NA NA NA NA NA NA NA NA NA NA NA NA NA NA NA NA NA NA NA NA NA NA NA NA NA NA NA NA NA NA 
NA NA NA NA NA 126 125.5625 125.0625 125 125 125 125 125 125 125 125 125 124.9375 124.125 124 124 124 124 123 123 123 122.8125 122 122 122 122 122 121.1875 121 121 121 120 120 120 120 119.125 119 119 118.375 118 118 117.5 117 117 116.0625 NA NA NA NA NA NA NA NA NA NA NA NA NA NA NA NA NA NA NA NA NA NA NA NA NA NA NA NA NA NA NA NA NA NA NA NA NA NA NA NA NA NA NA NA NA NA NA NA NA NA NA NA NA NA NA NA NA NA NA NA NA NA NA NA NA NA NA NA NA NA NA NA NA NA NA 
NA 126 125.6875 125.75 125.25 125.125 125 125 125 125 125 125 125 125 125 125 125 124.3125 124 124 124 124 124 123 123 123 122.75 122 122 122 122 122 121.1875 121 121 121 120.25 120 120 120 119.0625 119 119 118.625 118 118 117.6875 117 117 116.3125 116 NA NA NA NA NA NA NA NA NA NA NA NA NA NA NA NA NA NA NA NA NA NA NA NA NA NA NA NA NA NA NA NA NA NA NA NA NA NA NA NA NA NA NA NA NA NA NA NA NA NA NA NA NA NA NA NA NA NA NA NA NA NA NA NA NA NA NA NA NA NA NA NA NA NA 
NA 125.375 125.3125 125.0625 125 125 125 125 125 125 125 125 125 125 125 124.9375 124.3125 124 124 124 124 124 124 123 123 123 122.5 122 122 122 122 121.875 121 121 121 121 120.25 120 120 120 119.125 119 119 118.75 118 118 117.875 117 117 116.625 116 116 115.6429 NA NA NA NA NA NA NA NA NA NA NA NA NA NA NA NA NA NA NA NA NA NA NA NA NA NA NA NA NA NA NA NA NA NA NA NA NA NA NA NA NA NA NA NA NA NA NA NA NA NA NA NA NA NA NA NA NA NA NA NA NA NA NA NA NA NA NA NA NA NA NA NA 
NA 125 125 125 125 125 125 125 125 125 125 125 125 125 124.875 124.375 124.25 124.1875 124 124 124 124 124 123 123 123 122.5625 122.0625 122 122 122 121.8125 121.25 121 121 121 120.4375 120.25 120.125 120 119.4375 119.25 119.0625 118.875 118.25 118.1875 118 117.25 117 116.8125 116.0625 116 115.875 115.0625 115 NA NA NA NA NA NA NA NA NA NA NA NA NA NA NA NA NA NA NA NA NA NA NA NA NA NA NA NA NA NA NA NA NA NA NA NA NA NA NA NA NA NA NA NA NA NA NA NA NA NA NA NA NA NA NA NA NA NA NA NA NA NA NA NA NA NA NA NA NA NA 
NA 125 125 125 125 125 125 125 125 125 125 125 125 125 125 124.9375 124.625 124.0625 124 124 124 124 124 123 123 123 123 122.0625 122 122 122 122 121.6875 121 121 121 121 121 120.4375 120 120 120 119.25 119 119 118.75 118 118 117 117 116.5 116 116 115.5625 115 NA NA NA NA NA NA NA NA NA NA NA NA NA NA NA NA NA NA NA NA NA NA NA NA NA NA NA NA NA NA NA NA NA NA NA NA NA NA NA NA NA NA NA NA NA NA NA NA NA NA NA NA NA NA NA NA NA NA NA NA NA NA NA NA NA NA NA NA NA NA 
NA NA 125 125 125 125 125 125 125 125 125 125 125 124.4375 124.0625 124 124 124 124 124 124 124 124 123 123 123 122.625 122 122 122 122 121.9375 121.25 121 121 121 121 120.9375 120.1875 120 120 120 119 119 119 118.75 118 118 117 117 116.8125 116 116 115.8125 115 115 NA NA NA 114 NA NA NA NA NA NA NA NA NA NA NA NA NA NA NA NA NA NA NA NA NA NA NA NA NA NA NA NA NA NA NA NA NA NA NA NA NA NA NA NA NA NA NA NA NA NA NA NA NA NA NA NA NA NA NA NA NA NA NA NA NA NA NA NA NA 
NA NA 125 125 125 125 125 125 125 125 124.875 124.5625 124.125 124 124 124 124 124 124 124 124 124 123.875 123 123 122.6875 122.125 122 122 122 122 122 121 121 121 121 121 120.75 120 120 120 119.875 119 119 119 118.625 118 118 117 117 117 116 116 116 115.125 115 115 114.3333 114 114 NA NA NA NA NA NA NA NA NA NA NA NA NA NA NA NA NA NA NA NA NA NA NA NA NA NA NA NA NA NA NA NA NA NA NA NA NA NA NA NA NA NA NA NA NA NA NA NA NA NA NA NA NA NA NA NA NA NA NA NA NA NA NA NA NA 
NA NA NA 125 125 125 125 125 125 124.875 124.375 124 124 124 124 124 124 124 124 124 124 123.875 123.3125 123 122.375 122 122 122 122 122 122 121.5 121 121 121 121 121 120.375 120 120 120 119.75 119 119 119 118.5 118 118 117 117 117 116.125 116 116 115.4375 115 115 114.75 114 114 NA NA NA NA NA NA NA NA NA NA NA NA NA NA NA NA NA NA NA NA NA NA NA NA NA NA NA NA NA NA NA NA NA NA NA NA NA NA NA NA NA NA NA NA NA NA NA NA NA NA NA NA NA NA NA NA NA NA NA NA NA NA NA NA NA 
NA NA NA NA 125 125 124.5625 124.375 124.1875 124 124 124 124 124 124 124 124 124 123.5625 123.375 123.25 123 123 122.9375 122.25 122 122 122 122 122 122 121.1875 121 121 121 121 120.9375 120 120 120 120 119.5 119 119 119 118.3125 118 118 117 117 117 116.25 116 116 115.75 115 115 115 114.3125 114 NA NA NA NA NA NA NA NA NA NA NA NA NA NA NA NA NA NA NA NA NA NA NA NA NA NA NA NA NA NA NA NA NA NA NA NA NA NA NA NA NA NA NA NA NA NA NA NA NA NA NA NA NA NA NA NA NA NA NA NA NA NA NA NA NA 
NA NA NA NA 124.0667 124 124 124 124 124 124 124 124 124 124 124 123.6875 123.375 123.0625 123 123 123 123 122.1875 122 122 122 122 122 122 121.75 121 121 121 121 121 120.625 120 120 120 120 119.125 119 119 119 118.1875 118 118 117 117 117 116.5 116 116 116 115.1875 115 115 114.8125 NA NA NA NA NA NA NA NA NA NA NA NA NA NA NA NA NA NA NA NA NA NA NA NA NA NA NA NA NA NA NA NA NA NA NA NA NA NA NA NA NA NA NA NA NA NA NA NA NA NA NA NA NA NA NA NA NA NA NA NA NA NA NA NA NA NA 
NA NA NA 124 124 124 124 124 124 124 124 124 123.875 123.5625 123.3125 123 123 123 123 123 123 123 123 122 122 122 122 122 122 122 121.3125 121 121 121 121 121 120.375 120 120 120 119.6875 119 119 119 118.9375 118 118 118 117 117 117 116.5 116 116 116 115.25 115 115 115 NA NA NA NA NA NA NA NA NA NA NA NA NA NA NA NA NA NA NA NA NA NA NA NA NA NA NA NA NA NA NA NA NA NA NA NA NA NA NA NA NA NA NA NA NA NA NA NA NA NA NA NA NA NA NA NA NA NA NA NA NA NA NA NA NA NA 
NA NA 124 124 124 124 124 124 123.75 123.5 123.3125 123.0625 123 123 123 123 123 123 123 123 123 123 123 122 122 122 122 122 122 121.75 121 121 121 121 121 120.8125 120 120 120 120 119.3125 119 119 119 118.6875 118 118 118 117 117 117 116.6875 116 116 116 115.5 115 115 115 114.5556 NA NA NA NA NA NA NA NA NA NA NA NA NA NA NA NA NA NA NA NA NA NA NA NA NA NA NA NA NA NA NA NA NA NA NA NA NA NA NA NA NA NA NA NA NA NA NA NA NA NA NA NA NA NA NA NA NA NA NA NA NA NA NA NA NA 
NA NA NA 123.875 123.5 NA NA 123 123 123 123 123 123 123 123 123 123 123 123 122.9375 122.6875 122.5 122.1875 122 122 122 122 122 121.8125 121.0625 121 121 121 121 120.9375 120.125 120 120 120 119.875 119 119 119 119 118.375 118 118 118 117 117 117 116.75 116 116 116 115.6875 115 115 115 114.8125 NA NA NA NA NA NA NA NA NA NA NA NA NA NA NA NA NA NA NA NA NA NA NA NA NA NA NA NA NA NA NA NA NA NA NA NA NA NA NA NA NA NA NA NA NA NA NA NA NA NA NA NA NA NA NA NA NA NA NA NA NA NA NA NA NA 
NA NA NA NA NA NA NA NA 123 123 123 123 123 123 122.8125 122.6875 122.5 122.25 122.125 122 122 122 122 122 122 122 122 121.5625 121 121 121 121 121 121 120.5 120 120 120 120 119.4375 119 119 119 118.9375 118 118 118 118 117 117 117 116.75 116 116 116 115.75 115 115 115 NA NA NA NA NA NA NA NA NA NA NA NA NA NA NA NA NA NA NA NA NA NA NA NA NA NA NA NA NA NA NA NA NA NA NA NA NA NA NA NA NA NA NA NA NA NA NA NA NA NA NA NA NA NA NA NA NA NA NA NA NA NA NA NA NA NA 
NA NA NA NA NA 123 123 122.7692 122.6875 122.5625 122.25 122.25 122.25 122 122 122 122 122 122 122 122 122 122 122 121.8125 121.5 121.125 121 121 121 121 121 121 120.9375 120.0625 120 120 120 119.8125 119 119 119 119 118.375 118 118 118 117.625 117 117 117 116.5 116 116 116 115.75 115 115 115 115 115.3 NA NA NA NA NA NA NA NA NA NA NA NA NA NA NA NA NA NA NA NA NA NA NA NA NA NA NA NA NA NA NA NA NA NA NA NA NA NA NA NA NA NA NA NA NA NA NA NA NA NA NA NA NA NA NA NA NA NA NA NA NA NA NA NA 
NA NA NA NA NA 122.3333 122 122 122 122 122 122 122 122 122 122 122 122 122 122 122 122 121.75 121 121 121 121 121 121 121 121 121 121 120.3125 120 120 120 120 119.125 119 119 119 118.625 118 118 118 118 117.125 117 117 117 116.3125 116 116 116 115.8125 115 115 115 115 115.5 115.5833 NA NA NA NA NA NA NA NA NA NA NA NA NA NA NA NA NA NA NA NA NA NA NA NA NA NA NA NA NA NA NA NA NA NA NA NA NA NA NA NA NA NA NA NA NA NA NA NA NA NA NA NA NA NA NA NA NA NA NA NA NA NA NA 
NA NA NA NA NA NA 121.6667 121.75 121.5 121.3125 121.25 121.25 121.25 121.25 121.25 121.25 121.25 121.25 121.25 121.125 121 121 121 121 121 121 121 121 121 121 121 120.8125 120.25 120 120 120 119.9375 119.1875 119 119 119 118.4375 118.0625 118 118 117.9375 117.1875 117 117 117 117 116.0625 116 116 116 115.875 115 115 115 115 115.375 115.125 115 NA NA NA NA NA NA NA NA NA NA NA NA NA NA NA NA NA NA NA NA NA NA NA NA NA NA NA NA NA NA NA NA NA NA NA NA NA NA NA NA NA NA NA NA NA NA NA NA NA NA NA NA NA NA NA NA NA NA NA NA NA NA 
NA NA NA NA NA 121 121 121 121 121 121 121 121 121 121 121 121 121 121 121 121 121 121 121 121 121 121 121 121 121 121 120.1875 120 120 120 119.9375 119.1875 119 119 119 118.5 118 118 118 118 117.1875 117 117 117 117 116.625 116 116 116 116 115.5625 115 115 115 115 115.3125 115 115 115 NA NA NA NA NA NA NA NA NA NA NA NA NA NA NA NA NA NA NA NA NA NA NA NA NA NA NA NA NA NA NA NA NA NA NA NA NA NA NA NA NA NA NA NA NA NA NA NA NA NA NA NA NA NA NA NA NA NA NA NA NA 
NA NA NA NA NA NA 121 121 120.7692 120.75 120.5625 120.5 120.5 120.5 120.5 120.5 120.5 120.3125 120.25 120.375 120.5 120.5 120.5 120 120 120 120 120 120.25 120.25 120.125 120 120 120 119.8125 119.0625 119 119 119 118.5625 118 118 118 117.9375 117.375 117 117 117 117 116.875 116.0625 116 116 116 115.9375 115 115 115 115 115 115.5 115 115 115 115 115 NA NA NA NA NA NA NA NA NA NA NA NA NA NA NA NA NA NA NA NA NA NA NA NA NA NA NA NA NA NA NA NA NA NA NA NA NA NA NA NA NA NA NA NA NA NA NA NA NA NA NA NA NA NA NA NA NA NA NA 
NA NA NA NA NA NA NA NA NA 120 120 120 120 120 120 120 120 120 120 120 120 120 120 120 120 120 120 120 120 120 120 120 119.9375 119.4375 119.0625 119 119 118.9375 118.375 118 118 117.8125 117.5 117.1875 117 117 117 116.9375 116.75 116.125 116 116 116 116 115.375 115 115 115 115 115 115.5 115 115 115 115 115 115 114.9231 NA NA 114 NA NA NA NA NA NA NA NA NA NA NA NA NA NA NA NA NA NA NA NA NA NA NA NA NA NA NA NA NA NA NA NA NA NA NA NA NA NA NA NA NA NA NA NA NA NA NA NA NA NA NA NA NA NA 
NA NA NA NA NA NA NA NA NA NA 119.6667 119.5714 119.625 119.5 119.5 119.5 119.5 119.5 119.6875 119.75 119.6875 119.5 119.5625 119.5 119.5625 119.5625 119.75 119.75 119.75 119.5625 119.4375 119.25 119 119 119 119 118.625 118.125 118 118 118 118 117 117 117 117 116.9375 116.1875 116 116 116 116 116 115.625 115 115 115 115 115 115 115.5 115 115 115 115 115 115 115 114.4375 114 114 114 NA NA NA NA NA NA NA NA NA NA NA NA NA NA NA NA NA NA NA NA NA NA NA NA NA NA NA NA NA NA NA NA NA NA NA NA NA NA NA NA NA NA NA NA NA NA NA NA NA NA NA NA NA 
NA NA NA NA NA NA NA NA NA NA NA NA NA 119 119 119 119 119 119 119 119 119 119 119 119 119 119 119 119 119 118.8125 118.5625 118.5 118.5625 118.3125 118 118 118 118 117.6875 117 117 117 117 116.5625 116.5625 116.0625 116 116 116 116 116 115.625 115 115 115 115 115 115 114.875 114.9375 115 115 115 115 115 115 115 114.9375 114.0625 114 114 114 NA 114 NA NA NA NA NA NA NA NA NA NA NA NA NA NA NA NA NA NA NA NA NA NA NA NA NA NA NA NA NA NA NA NA NA NA NA NA NA NA NA NA NA NA NA NA NA NA NA NA NA NA 
NA NA NA NA NA NA NA NA NA NA NA NA NA NA NA NA NA NA NA 118.25 118.4375 118.0625 118.0625 118 118 118 118.0625 118.1875 118 118 118 118 117.9375 117.6875 117.75 118 118 117.75 117.375 117 117 117 116.875 116.25 116 116 116 116 116 116 115.75 115.4375 115 115 115 115 115 115 114.5 114 114.5 115 115 115 115 115 115 115 115 114.5625 114 114 114 114 114 114 114 114 113.75 NA NA NA NA NA NA NA NA NA NA NA NA NA NA NA NA NA NA NA NA NA NA NA NA NA NA NA NA NA NA NA NA NA NA NA NA NA NA NA NA NA NA NA NA NA NA 
NA NA NA NA NA NA NA NA NA NA NA 117.7857 118 118 118 117.9167 118 NA 117.9091 117.8125 118 118 117.9375 117.75 117.8125 117.875 118 117.8125 118 117.8125 117.625 117.5625 117.0625 117 117 117 117 117 116.6875 116.5625 116.0625 116 116 116 116 116 116 116 115.9375 115.5625 115 115 115 115 115 115 115 115 114.625 114 114.5 115 115 115 115 115 115 115 115 114.875 114 114 114 114 114 114 113.75 113.625 113.1875 113.5625 113.5556 NA NA NA NA NA NA NA NA NA NA NA NA NA NA NA NA NA NA NA NA NA NA NA NA NA NA NA NA NA NA NA NA NA NA NA NA NA NA NA NA NA NA NA NA 
NA NA NA NA NA NA NA NA 117 NA 117 117 117 117 117 117 117.125 117 117 117 117.3125 117.4375 117.5 117.1875 117.4375 117.625 117.625 117.5 117.1875 117.1875 117.375 117.25 117.125 117 117 117 116.8125 116.5 116.25 116.0625 116 116 116 115.6875 115.9375 116 115.75 115.25 115.0625 115 115 115 115 115 115 115 115 114.5 114.25 114 114.5 115 115 115 115 115 115 115 115 115 114.3125 114 114 114 114 113.5625 113.6875 113.5625 113.25 113.1875 113.2143 NA NA NA NA NA NA NA NA NA NA NA NA NA NA NA NA NA NA NA NA NA NA NA NA NA NA NA NA NA NA NA NA NA NA NA NA NA NA NA NA NA NA NA NA 
NA NA NA NA NA NA NA NA 117 116.875 116.9375 116.9375 116.75 116.5625 116.5 116.5 116.5 116.6875 116.75 116.6875 116.5 116.75 116.8125 116.5625 116.25 116.25 116.375 116.5 116.5 116.5625 116.5 116.625 116.375 116.375 116.25 116.125 116.0625 116 116 116 116 116 115.875 115.5625 115.0625 115.125 115 115 115 115 115 115 115 115 114.5 114.0625 114 114 114 114 114.5 115 115 115 115 115 115 115 115 115 114.6875 114 114 114 114 114 113.9375 114 114 114 NA NA NA NA NA NA NA NA NA NA NA NA NA NA NA NA NA NA NA NA NA NA NA NA NA NA NA NA NA NA NA NA NA NA NA NA NA NA NA NA NA NA NA NA NA 
NA NA NA NA NA NA NA NA NA 116 116 116 116 116 116 116 116 116 116 116 116 116 116 116 116 116 116 116 116 116 116 116 116 116 116 116 116 116 115.8125 115.625 115.4375 115.1875 115 115 115 115 115 115 115 115 115 114.875 114.5625 114.1875 114 114 114 114 114 114 114.5 115 115 115 114.9375 114.8125 115 115 115 114.9375 114.4375 114 114 114 114 114 114 114 114 NA NA NA NA NA NA NA NA NA NA NA NA NA NA NA NA NA NA NA NA NA NA NA NA NA NA NA NA NA NA NA NA NA NA NA NA NA NA NA NA NA NA NA NA NA NA 
NA NA NA NA NA NA NA NA 115.4444 115.4375 115.375 115.5 115.5 115.5 115.5 115.5 115.5 115.5 115.5 115.5 115.375 115.25 115.25 115.5 115.5 115.5 115.5 115.5 115.5 115.5 115.5 115.5 115.3125 115.1875 115.125 115.125 115.1875 115 115 115 115 115 115 115 115 114.875 114.25 114.5625 114.5 114.375 114.0625 114 114 114 114 114 114 114 114 114 114.5 115 115 115 115 114.8125 114.4375 114.1875 114.125 114.0625 114 114 114 114 114 114 114 114 114 NA NA NA NA NA NA NA NA NA NA NA NA NA NA NA NA NA NA NA NA NA NA NA NA NA NA NA NA NA NA NA NA NA NA NA NA NA NA NA NA NA NA NA NA NA NA 
NA NA NA NA NA NA NA NA 115 115 114.875 114.75 114.75 114.75 114.75 114.75 114.75 114.75 114.75 114.75 114.75 114.75 114.75 114.75 114.75 114.75 114.75 114.75 114.75 114.75 114.75 114.75 114.75 114.75 114.75 114.75 114.75 114.75 114.75 114.75 114.75 114.5625 114.5 114.3125 114.125 114 114 114 114 114 114 114 114 114 114 114 113.9375 113.875 113.75 113.75 114.375 115 115 115 114.9375 115 114.8125 114.5625 114 114 114 114 114 114 114 114 114 NA NA NA NA NA NA NA NA NA NA NA NA NA NA NA NA NA NA NA NA NA NA NA NA NA NA NA NA NA NA NA NA NA NA NA NA NA NA NA NA NA NA NA NA NA NA NA NA 
NA NA NA NA NA NA NA NA 114.4 NA 114.125 114 114 114 114 114 114 114 114 114 114 114 114 114 114 114 114 114 114 114 114 114 114 114 114 114 114 114 114 114 114 114 114 114 113.6875 113.9375 113.875 113.75 114 114 113.9375 113.9375 113.9375 113.75 113.625 113.5 113.0625 113 113 113 113.625 114.5625 114.9375 114.9375 114.8125 114.875 114.5625 114 114 114 114 114 114 114 114 114 114 114 NA NA NA NA NA NA NA NA NA NA NA NA NA NA NA NA NA NA NA NA NA NA NA NA NA NA NA NA NA NA NA NA NA NA NA NA NA NA NA NA NA NA NA NA NA NA NA 
NA NA NA NA NA NA NA NA NA 113.5 113.6 113.5 113.5 113.3125 113.25 113.375 113.5 113.375 113.3125 113.25 113.3125 113.25 113.25 113 113 113 113 113 113 113 113 113 113 113 113 113.25 113.4375 113.25 113.25 113.25 113.25 113.25 113 113 113 113 113 113 113.25 113.25 113.0625 113 113 113 113 113 113 113 113 113 113.5 114 114.0625 114.3125 114.0625 114 114 114 114 114 114 114 113.9375 114 114 114 114 114 114 114 114 NA NA NA NA NA NA NA NA NA NA NA NA NA NA NA NA NA NA NA NA NA NA NA NA NA NA NA NA NA NA NA NA NA NA NA NA NA NA NA NA NA NA NA NA 
NA NA NA NA NA 113 113 NA 113 113 NA NA 113 NA 113 113 113 113 113 113 113 113 113 112.75 112.6875 112.6875 112.6875 112.75 112.75 112.75 112.75 112.75 112.75 112.75 112.75 112.875 113 113 113 113 113 113 113 113 113 113 113 113 113 113 113 113 113 113 113 113 113 113 113 113 113.5 114 114 114 114 114 114 114 114 114 114 114 113.875 114 114 114 114 114 114 114 114 114 NA NA NA NA NA NA NA NA NA NA NA NA NA NA NA NA NA NA NA NA NA NA NA NA NA NA NA NA NA NA NA NA NA NA NA NA NA NA NA NA NA NA NA 
NA NA NA NA NA NA 112.375 112.5714 NA NA NA NA NA NA NA NA 112 112 112 112 112 112 112 112 112 112 112 112 112 112 112 112 112 112 112 112.125 112.375 112.4375 112.3125 112.5 112.5 112.5 112.5 112.5 112.5 112.5 112.3125 112.5 113 113 113 113 113 113 113 113 113 113 113 113 113.5 114 114 114 114 114 114 114 114 114 114 114 114 114 114 114 114 114 114 114 NA NA NA NA NA NA NA NA NA NA NA NA NA NA NA NA NA NA NA NA NA NA NA NA NA NA NA NA NA NA NA NA NA NA NA NA NA NA NA NA NA NA NA NA NA 
NA NA NA NA NA NA NA NA NA NA NA NA NA NA NA NA 111.5 111.5 111.5 111.5 111.5 111.5 111.5 111.25 111.25 111.25 111.25 111.25 111.25 111.25 111.5 111.5 111.5 111.5 111.5 111.8125 112 112 112 112 112 112 112 112 112 112 112 112 112.125 112.25 112.25 112.25 112 112.0625 112.25 112.4375 112.4375 112.5625 112.75 112.6875 113.25 114 114 114 114 114 114 114 114 114 114 114 114 114 114 114 NA NA NA NA NA NA NA NA NA NA NA NA NA NA NA NA NA NA NA NA NA NA NA NA NA NA NA NA NA NA NA NA NA NA NA NA NA NA NA NA NA NA NA NA NA NA NA NA NA 
NA NA NA NA NA NA NA NA NA NA NA NA NA NA NA 111 111 111 111 111 111 111 111 110.75 110.75 110.75 110.75 110.75 110.75 110.9375 111 111 111 111 111 111.125 111.25 111.25 111.25 111.5 111.5 111.5 111.5 111.6875 111.75 111.75 111.8125 112 112 112 112 112 112 111.9375 112 112 112 112 112 112 113 114 114 114 114 114 114 114 114 114 114 114 114 114 114 114 113.6429 NA NA NA NA NA NA NA NA NA NA NA NA NA NA NA NA NA NA NA NA NA NA NA NA NA NA NA NA NA NA NA NA NA NA NA NA NA NA NA NA NA NA NA NA NA NA NA NA 
NA NA NA NA NA NA NA NA NA NA NA NA NA NA NA 110 110 110 110 110 110 110 110 110 110 110 110 110 110 110 110 110 110 110.0625 110.25 110.625 111 111 111 111 111 111 111 111 111 111 111 111.0625 111.0625 111.25 111.25 111.6875 111.75 111.4375 111.5625 112 112 112 112 112 112.5 113.25 113.4375 113.625 113.9375 113.8125 114 114 114 114 114 114 114 114 113.8125 113.9375 113.3125 113 113.5 113.625 114 114 NA NA NA NA NA NA NA NA NA NA NA NA NA NA NA NA NA NA NA NA NA NA NA NA NA NA NA NA NA NA NA NA NA NA NA NA NA NA NA NA NA NA NA 
NA NA NA NA NA NA NA NA NA NA NA NA NA NA NA 109.4667 109.5 109.5 109.5 109.5 109.5 109.5 109.5 109.25 109.25 109.25 109.25 109.25 109.25 109.25 109.5 109.5625 109.75 109.75 109.8125 110 110 110.25 110.25 110.25 110.375 110.5 110.625 110.875 110.8125 110.6875 110.6875 110.9375 111 111 111 110.9375 111 111 111 111.125 111.6875 112 112 112 112.5 113 113 113 113 113 113.5 113.75 114 114 114 113.875 114 114 114 114 113.5625 113.0625 113.75 113.5625 113.5 114 114 114 NA NA NA NA NA NA NA NA NA NA NA NA NA NA NA NA NA NA NA NA NA NA NA NA NA NA NA NA NA NA NA NA NA NA NA NA NA NA NA NA NA 
NA NA NA NA NA NA NA NA NA NA NA NA NA NA NA 109 109 109 109 108.875 108.75 108.75 108.75 108.5 108.5 108.6875 108.75 108.75 108.75 108.625 108.625 108.75 108.8125 109 109 109.375 109.8125 110 110 110 110 110 110 110 110 110 110 110.25 110.25 110.4375 110.5 110.0625 110.5 110.875 111 111 110.875 111 111.25 111.5 112.375 113 113 113 113 113 113 113 113.25 113.875 113.5 113.3125 113.3125 114 114 114 114 113.625 113.625 113.8125 113.5625 113.625 113.875 114 NA NA NA NA NA NA NA NA NA NA NA NA NA NA NA NA NA NA NA NA NA NA NA NA 112.3333 112.1818 NA NA NA NA NA NA NA NA NA NA NA NA NA NA NA 
NA NA NA NA NA NA NA NA NA NA NA NA NA NA 108 107.875 107.8125 107.75 107.625 107.75 108 108 108 108 108 108 108 108 108 108 108 108 108 108.25 108.5 108.8125 109 109 109 109.0625 109.3125 109.5 109.6875 109.625 109.3125 109.9375 110 110 110 110 110.0625 110.0625 110 110.125 110.875 110.625 110.75 110.6875 110.8125 111 111.75 112.5625 112.6875 112.75 113 113 113 113 113 113.125 113.0625 113.3125 113.625 114 114 114 114 114 114 114 113.0625 113.625 113.875 113.5333 NA NA NA NA NA NA NA NA NA NA NA NA NA NA NA NA NA NA NA NA NA NA 113 112.7692 113.25 113.1875 112.2667 NA NA NA NA NA NA NA NA NA NA NA NA NA NA 
NA NA NA NA NA NA NA NA NA NA NA NA NA 107.4167 107.25 107 107 107 107 106.9375 106.9375 107.3125 107.3125 107 107 107.1875 107.0625 107.25 107.0625 107.125 107.5625 107.625 107.75 107.625 107.9375 108.1875 108.5 108.6875 108.75 108.875 109 108.875 108.9375 109 109 109.0625 109.25 109.6875 109.8125 110 109.8125 110 110 110 110.0625 110.1875 110.0625 110.5 110.75 110.9375 111.5 112.0625 112.25 112.3125 112.4375 113 113 113 113 113 113 113 113.5 114 114 114 114 114 114 114 113.625 113.875 113.9375 113.9375 113.75 113.5625 113.5625 113.4 113.0625 113.4667 113.2 113.3333 113.4 113.375 NA NA NA NA NA NA NA NA NA NA 113.5556 114 114.1875 114 114 114.0625 113.5625 112.875 113 NA NA NA NA NA NA NA NA NA NA NA NA 
NA NA NA NA NA NA NA NA NA NA NA NA 106.6923 106.75 106.6875 106.25 106.3125 106.3125 106.5 106.5 106.4375 106.25 106.8125 106.5 106.375 106.3125 106.5625 106.5 106.625 106.8125 106.8125 107 107 107 107.0625 107.5 108 108 108 108 108.1875 108.125 108.25 108.625 108.625 108.9375 109 109 109 109.25 109.5 109.0625 109.75 109.875 109.9375 110 110 110.1875 110.25 110.5 111.1875 112 112 112 112 113 113 113 113 113 113 113 113 113.8125 114 114 114 114 114 114 114 113.6875 113.9375 114 113.6875 114 113.9375 114.0625 114.1875 114.5625 113.6875 114 113.625 114 113.625 113.6364 NA NA NA NA NA NA NA NA 114.4375 114.375 115 114.375 114.3125 114 113.6875 113.8125 113.8125 113.4 113.6667 113.0833 NA NA NA NA NA NA NA NA NA 
NA NA NA NA NA NA NA NA NA NA NA 105.9 106 106 105.875 105.9375 105.9375 105.5625 105.4375 105.625 105.3125 105.5625 105.5 105.25 105.3125 105.6875 105.6875 105.8125 105.875 105.9375 106 106.1875 106.25 106.25 106.25 106.25 106.375 106.9375 107 107 107.1875 107.25 107.25 107.25 107.25 107.625 107.6875 107.625 108.25 108.3125 109.0625 108.375 108.3125 108.8125 108.75 109.1875 109.25 109.25 109.25 109.25 110.0625 110.5 110.5 110.6875 111 111.25 111.5 111.5 111.5 111.875 112.25 111.75 112.25 113.125 113.4375 114 114 114 114 114 113.875 113.375 113.5625 113.875 114 113.8125 113.9375 114.125 114.4375 114.75 114.9375 114.8125 114.5 114.4375 114.375 114.125 NA NA NA NA NA NA NA 114.1333 114.875 114.875 115 114.5 114.3125 114.3125 113.9375 114 114 114 114 113.875 113.0625 113 NA NA NA NA NA NA NA 
NA NA NA NA NA NA NA NA NA NA NA 105.1429 105.25 105 105 105 104.75 104.9375 105 104.875 104.9375 104.8125 105 104.6875 105 104.9375 105 105 105 105.0625 105.1875 105 105.5 105.5 105.6875 105.8125 106 106 106 106 106.0625 106.3125 106.25 106.4375 106.875 106.9375 107 107 107.75 108 108 108.1875 108 108.0625 108.4375 108.375 108.5625 108.8125 109 109.0625 109.8125 110 110 110.125 110.125 110.4375 111 111 111 111 111.4375 111.1875 112 113 113 113.5 114 114 114 114 114 113.9375 113.25 113.3125 113.625 113.125 114.1875 114.375 114.125 114.5625 114.875 114.75 115 115 115.0625 114.0625 113.8462 NA NA NA NA NA 113.8571 114.8125 115.25 115.3125 115 115 114.875 114 114 114 114 NA NA 113.4286 113 113 NA NA NA NA NA NA NA 
NA NA NA NA NA NA NA NA NA 104.1667 104 103.8125 104.0625 104.25 104.4375 104.1875 104 103.875 103.875 104 104 104 104.3125 104.0625 104.25 104.25 104.3125 104.4375 104.3125 104.4375 104.3125 104.5 104.625 104.875 105 105 105 105.0625 105.25 105.4375 105.5625 105.75 105.9375 106 106 106 106 106.5 107.0625 107.4375 107.4375 107.6875 107.8125 107.5625 107.75 108 108.1875 108.5625 109 109 109.5 109.9375 110 110 110 110 110.4375 111 111 111 111 111 111.5625 113 113 113 113 113.5625 113.5625 113.8125 114 114 114 113.625 113.3125 113.75 114 114.3125 114.5625 114.6875 114.5625 115.125 115 115.3125 114.625 114.625 114.5625 114.0769 NA NA NA 113.75 114.5 115.6875 115.5625 115.1875 114.6875 114.4375 114.8125 114.0625 114.3125 114.125 NA NA NA NA NA NA NA NA NA NA NA NA NA 
NA NA NA NA NA NA NA NA NA NA 103.4375 103.625 103.375 103.6875 103.4375 103.5 103.1875 103.0625 103 103 103 103.375 103.5 102.8125 102.9375 103 103.125 103.125 103.125 103.3125 103.25 103.875 104 104 104.0625 104.25 104.375 104.5 104.625 105 105 105 104.9375 105.3125 105.4375 105.5 105.8125 106 107 107 107 107 107.3125 107 107.0625 107.25 107.875 108 108.3125 108.625 109.0625 109.125 109.8125 110 110 110 110 110.625 111 111 111 111 111.0625 113 113 113 113.0625 113.6875 113.8125 113.5 114 114 114.1875 113.875 113.8125 114 114.125 114.3125 114.0625 114.375 114.5625 115.0625 115 115.6875 115.625 115.375 115 114.6875 114 114 114 114.3125 115.5625 116 116 116 115.5625 114.9375 114.625 114.625 114.625 NA NA NA NA NA NA NA NA NA NA NA NA NA NA 
NA NA NA NA NA NA NA NA NA NA 102.1875 102.1875 102.625 103 102.9375 102.875 102.8125 102.9375 102.3125 102.0625 102.3125 102.3125 102.375 102.3125 102 102.375 102.8125 102.9375 102.875 103 103 103.0625 103.1875 103.3125 103.5 103.5 103.5625 104 104 104 104.0625 104.5 104.4375 105 104.875 104.625 105 105.3125 106 106.4375 106.5 106.5625 106.625 106.9375 107 107 107.0625 107.875 108 108 108.4375 109 109.125 109.3125 109.875 110 110 110.0625 110.9375 111 111 111 111 112.9375 113 113 113.0625 113.625 114 113.5625 113.9375 114 114 114.3125 114 114.0625 114.125 114.0625 114.3125 114.8125 114.8125 114.625 115.5625 115.5625 115.9375 115.9375 115.5625 114.8125 114.6875 114.4375 114.1875 114.9375 115.9375 115.875 115.6875 116 115.375 115.1875 115.125 115 NA NA NA NA NA NA NA NA NA NA NA NA NA NA NA 
NA NA NA NA NA NA NA NA NA 101 101.5 101.5 101.5 102.125 102.125 102.1875 102.0625 101.8125 101.5 101.5 101.625 101.5 101.5 101.5 101.8125 101.875 102.125 102.125 102 102.0625 102.0625 102.25 102.3125 102.5 102.5625 102.875 103 103 103.25 103.4375 103.8125 103.9375 104 104 104 104 104.4375 104.625 105.25 105.4375 105.9375 106 106 106.375 106.75 107 107 107 107.4375 108 108 108.6875 109 109 109.3125 109.9375 110 110 110.125 110.8125 111 111 111 112.3125 112.75 113 113 113 113.3125 113.375 114 114 114 114.6875 114.125 114.5 114.25 114.125 114.75 114.8125 115.0625 114.5 115 115.3125 115.5 115.8125 116 115.9375 115.0625 115 114.75 115.1875 116 116 115.9375 115.6875 115.4375 115.3125 115.1875 115 NA NA NA NA NA NA NA NA NA NA NA NA NA NA NA 
NA NA NA NA NA NA NA NA NA 100.8125 101.0625 100.875 101.0625 101.75 101.0625 100.875 100.9375 100.875 101 100.9375 100.875 100.8125 100.875 100.5 100.75 101.0625 101.5 101.5625 101.8125 101.875 101.8125 101.8125 102 102 102 102 102.125 102.1875 102.625 102.875 103 103 103.0625 103.375 103.75 104 104 104 105 105 105.125 105.3125 105.8125 106 106 106.4375 107 107 107 107.0625 107.6875 108.1875 108.75 109 109 109.1875 109.5 109.75 110 110.0625 110.8125 110.75 110.8125 112.1875 112.3125 112.875 113 113 113 113.5 113.8125 114 114 114.375 114.25 114.0625 114.125 114.75 114.3125 115.25 115.4375 115.25 114.9375 115.875 115.8125 115.5625 115.6875 115.875 115.875 115.375 114.625 115 116 116 116 116 115.9375 115.8125 115.8125 115.0625 115 NA NA NA NA NA NA NA NA NA NA NA NA NA NA 
NA NA NA NA NA NA NA NA NA 99.75 99.875 100 100.25 100.4375 100.625 100.375 100.375 100.25 100.4375 100.0625 100.125 99.875 100 99.6875 99.8125 100 100.25 100.625 100.375 100.5625 101.0625 101 101 101.0625 101.1875 101.5625 101.625 101.625 101.875 102 102.1875 102.3125 102.6875 103 103.25 103.5 103.4375 103.5 104.125 104.4375 104.5625 104.875 105 105.25 105.9375 106 106.3125 106.625 106.6875 107 107.5 108 108.0625 108.25 108.9375 109 109 109.3125 109.9375 110 110.125 110.25 110.5 112 112 112.6875 113 113 113 113 113.125 113.5625 114.25 114.125 114.625 114.875 115.4375 115.0625 115 115 115.4375 115.375 115.4375 115.875 116.3125 116.0625 115.1875 115.25 115.6875 115.6875 115 115.125 116.0625 116 116 116 116 116 116 115.5625 115.4375 NA NA NA NA NA NA NA NA NA NA NA NA NA NA 
NA NA NA NA NA NA NA NA NA NA 98.92857 98.875 99.0625 99.0625 99.0625 99.25 99.5625 100 99.8125 99.0625 99.125 99.125 99.625 99 99.0625 99 99.8125 99.5625 99.75 99.75 100.125 100.25 100.1875 100.3125 100.1875 100.5 100.8125 101 101.25 101.6875 101.9375 102 102 102.0625 102.4375 102.6875 103 103.125 104 104.125 104.25 104.375 104.5 105 105.125 105.8125 105.875 106 106.3125 106.875 107.25 107.75 107.9375 108 108.3125 109 109 109 109.5 110 110 110 110.0625 112 112 112.3125 112.875 112.9375 113 113 113 113.4375 113.6875 113.8125 114.5 114.5 115 115.125 115.875 116.0625 115.9375 115.75 116 116.0625 116.375 116.9375 115.9375 115.125 115.5 115.5 115.8125 116.125 116 116.125 116.0625 116 116 116.0625 116.1875 116 115.6875 115.625 NA NA NA NA NA NA NA NA NA NA NA NA NA 
NA NA NA NA NA NA NA NA NA NA NA NA 97.38461 97.90909 97.6 97.85714 98.3125 98.375 98.5625 99.1875 98.625 98.4375 98.5 98.625 98.875 98.625 98.75 99 99 98.9375 98.9375 99.0625 99.25 99.4375 99.75 100 100 100.125 100.5625 100.6875 101.125 101.3125 101.25 101.625 102 102 102.375 102.625 103.5 103.8125 104 104.6875 104.5 104.25 104.875 105 105.1875 106 106 106.0625 106.8125 107 107.75 108 108.125 108.625 109 109 109.125 110 110 110 110 112 112 112.375 112.5625 112.9375 113 113 113 113 113.125 113.5 114.25 114.25 114.9375 115 115.125 115.375 115.9375 116.25 116.3125 116.0625 116.1875 116.6875 116.8125 115.5 116 116 116.0625 116.5625 116 116.4375 116.9375 116.625 116.5 116.8125 116 116 115.5625 116 116 116 116 116 NA NA NA NA NA NA NA NA NA 
NA NA NA NA NA NA NA NA NA NA NA NA NA NA NA NA 97.25 97.25 97.6875 97.375 97.5625 98.3125 98.5625 98.375 98.5625 97.875 98.3125 98.5 98.1875 98.375 98.6875 98.1875 98.5 99 99 99.1875 99.3125 99.375 99.625 100 100.375 100.75 100.75 100.9375 101.125 101.625 101.9375 102 103 103 103.5 104 104.3125 104.375 104.9375 104.875 105 105.0625 105.4375 106 106.4375 107 107.125 107.3125 107.8125 108.125 108.5 108.875 109 109.375 110 110 110 111.875 112 112.125 112.5 112.75 113 113.125 113.5 113.0625 113.125 113.0625 113.8125 114.3125 114.6875 115 115 115.0625 115.625 116.0625 116.6875 116.5 116.625 116.875 116.625 115.9375 116.375 116.25 116.3125 116.75 116.4375 116.1875 116.875 116.8125 116.9375 116.875 116.3125 116 115.5 116 116 116 116 116 NA NA NA NA NA NA NA NA NA 
NA NA NA NA NA NA NA NA NA NA NA NA NA NA NA NA 96.46154 96.3125 96.5625 96.9375 97.125 97.4375 98 97.375 98.25 97.6875 97.5 97.3125 97.875 98 97.9375 97.6875 98 98.25 98.5625 99 99 99 99.25 99.125 99.5 99.875 99.9375 100 100.6875 100.875 101.1875 101.8125 102.4375 102.6875 103.125 103.6875 103.9375 104.125 104.1875 104 104.5 105 105.125 105.5 106.0625 107 106.9375 107 107.25 108 108 108.5 108.75 109 109.375 109.5625 109.875 111.25 112 112 112.5 112.9375 113 113.5625 114 113.625 113.3125 112.875 113.9375 114.625 114.5625 114.5625 114.75 114.875 115.6875 116.125 116.5625 116.625 116.9375 117 117 116.25 116.3125 116.0625 116.1875 117 117.0625 116.6875 116.875 117 116.9375 117 116.875 116.4375 115.8125 116 116 116 116 NA NA NA NA NA NA NA NA NA NA 
NA NA NA NA NA NA NA NA NA NA NA NA NA NA NA NA NA 95.36364 95.625 95.75 96.5 96.9375 97.75 97.6875 97.625 97.9375 97 97.625 97.1875 97.5625 97.25 96.8125 97.8125 97.9375 97.6875 97.75 98.25 98.5 99 98.9375 98.5625 98.75 99.1875 99.75 99.625 100.1875 100.6875 100.9375 101.8125 102.4375 102.9375 102.75 103 103.0625 103.5 103.875 103.75 104.75 104.9375 105.25 105.6875 106.3125 106.6875 106.75 106.875 107.6875 107.75 107.8125 108.25 108.75 108.8125 109.125 109.625 110.75 111.375 111.5 111.6875 111.875 112.1875 112.875 113.1875 113 112.875 112.625 114.125 114.8125 115 114.875 115 115.4375 115.9375 116.5 116.125 116.8125 116.6875 116.3125 116.5 116.75 116.625 116.75 116.1875 116.875 117 117.1875 117 117 117 117 116.75 116.625 116.1875 116 116 116 NA NA NA NA NA NA NA NA NA NA NA 
NA NA NA NA NA NA NA NA NA NA NA NA NA NA NA NA NA NA 94.4 NA 95.125 95.6875 96.6875 97 97.5 97.5625 97.6875 97.6875 97.1875 97.5 97.5 96.6875 97.125 97.3125 97.75 98.0625 98.125 97.9375 98 98.4375 98.875 99.25 99.25 99.5625 99.6875 99.375 100.125 100.375 101.125 101.75 102.375 103.1875 103.1875 102.875 103 103.125 103.75 104.125 104.5 105 105.0625 106 106 106 106.0625 106.625 106.875 107 107.6875 108 108 108.6875 109 110 110 110 110.5 111 111 111.5625 111.6875 111.9375 112.0625 112.0625 113.375 115.0625 115.8125 115.9375 116.125 116.0625 116 116.375 116.625 117 116.75 116.625 116.3125 116.3125 116.0625 116.3125 116.75 116.75 117.0625 117 116.9375 117 117 117 116.9375 116.5625 116.625 116.6875 116.3125 116 NA NA NA NA NA NA NA NA NA NA NA 
NA NA NA NA NA NA NA NA NA NA NA NA NA NA NA NA NA NA NA NA 94 94.6875 95.25 95.8125 96.625 96.4375 95.875 96.875 97.25 96.6875 96.5625 96.5625 97.0625 97 97.8125 98.4375 98.4375 98.5625 98.25 98.5625 99.125 99.1875 99.375 99.25 99 99.8125 99.875 100 101.1875 101.9375 102 102.5625 102.875 102.8125 103 103.25 103.75 103.9375 104 104.75 105 105.3125 105.875 106 106 106 106.75 107 107.0625 107.4375 108 108 108.6875 109.5625 110 110 110.125 110.875 111 111.125 111.375 111.75 112 112.25 112.6875 114.5 116.125 116.4375 116.1875 116.5625 116.875 116.9375 116.4375 116.0625 116.0625 116 116.5 116.4375 116 116.125 116.75 116.8125 116.875 117 116.9375 116.8125 117 117 116.4375 116 116 116.25 116.0625 116.2857 NA NA NA NA NA NA NA NA NA NA NA 
NA NA NA NA NA NA NA NA NA NA NA NA NA NA NA NA NA NA NA NA NA 93.125 93.53846 93 93.4375 94.75 94.5625 95.5625 95.9375 96.0625 95.9375 96.0625 96 96.3125 96.4375 97.0625 97.25 97.8125 98.0625 97.9375 98.1875 98.375 99.0625 98.875 98.9375 99.125 99.75 100 101.25 101.5625 101.5625 102.125 102 102.6875 102.5625 102.9375 103.3125 103.6875 104 104 104.3125 104.8125 105 105.75 106 106 106.5625 106.9375 107 107.3125 107.5 107.8125 108 109 109.25 109.875 110 110.8125 111 111 111.125 111.25 111.875 112.375 112.5 113.75 115.0625 115.4375 115.875 116.5 117.375 117.625 117.9375 115.8125 115.6875 116.25 116.125 116.625 116 116.3125 116.0625 116.25 116.875 117 116.9375 116.75 117 116.9375 116.25 116.125 116 116 116.1875 117 NA NA NA NA NA NA NA NA NA NA NA 
NA NA NA NA NA NA NA NA NA NA NA NA NA NA NA NA NA NA NA NA NA NA NA NA 92.4 93 93.9375 94.1875 95 95 95.1875 95.3125 95.4375 95.8125 95.875 96.6875 97 96.9375 97.4375 97.5 97.5 97.9375 98.125 98.6875 99 98.625 99.0625 99.625 100.5 100.75 101.0625 101.375 101.625 101.6875 102 102.625 103 103.125 103.6875 103.9375 104 104.6875 105 105.125 105.25 105.75 106.125 106.3125 106.9375 107 107.125 107.75 107.5 108.9375 109 109.0625 109.9375 110.0625 110.6875 111 111.0625 111.4375 111.9375 112.25 113.0625 114.75 115.625 115.9375 116.5 116.875 117 117.25 117.8125 116.375 115.375 116.25 116.875 116.25 116.1875 116.4375 116 116 116.5625 116.5 116.1875 116.25 116.75 116.4375 116.875 117 116.5625 116.8333 NA NA NA NA NA NA NA NA NA NA NA NA NA 
NA NA NA NA NA NA NA NA NA NA NA NA NA NA NA NA NA NA NA NA NA NA NA NA 91.93333 92.125 92.25 92.8125 94 93.9375 94.1875 94.375 94.375 94.875 95.4375 95.75 96.1875 96.4375 96.25 96.5 96.8125 97.125 97.4375 98.0625 98.4375 98.6875 98.5 98.9375 99.75 100.0625 100.5625 101.125 101.1875 101.5625 101.75 102 102.6875 103 103.375 103.1875 103.875 104.3125 104.5625 105 105.1875 105.875 106.25 106.75 106.9375 107 107 107.1875 107.125 108.875 109 109 109.3125 110 110.0625 110.375 111 111.5 112.25 112.8125 113 114.5625 115.8125 116.0625 116.6875 116.75 117 117.0625 117 116.375 115.0625 116.0625 116.25 116.8125 116.4375 116.5625 116.6875 116.6875 116.6875 116.0625 116.75 116.5 116.5625 117.0714 NA NA NA NA NA NA NA NA NA NA NA NA NA NA NA NA NA 
NA NA NA NA NA NA NA NA NA NA NA NA NA 92.13333 92.75 91.38461 NA NA NA NA NA NA 91.07143 91.1875 91.8125 91.375 92 92.125 93.0625 93.375 93.5625 93.5 93.9375 94.0625 94.0625 94.875 95 95.3125 95.8125 95.9375 95.875 96.75 97 97.0625 97.5 98.0625 98.375 98.3125 99.25 100.0625 100.4375 101 100.75 101.0625 101.1875 101.875 102.125 102.3125 103 103 103.375 104 104.0625 104.3125 105 105.75 106 106 106.0625 106.3125 106.75 107 107 108.3125 108.9375 109 109 109.8125 110 110.0625 110.6875 111.5 111.875 112.125 113 114.75 115.9375 116.1875 116.875 116.875 116.9375 117 116.8125 116.1875 115.25 116 116.3125 116.5 116.5 116.25 116.875 116.9375 116.625 116.75 116.8125 116.6875 116.75 117.0769 NA NA NA NA NA NA NA NA NA NA NA NA NA NA NA NA NA 
NA NA NA NA NA NA NA NA NA NA NA NA NA NA 92.125 91.0625 90.5 91.75 90.9375 90.875 90.125 90 90.625 89.9375 90.5 90.75 91.125 91.5 92.5625 92.875 92.3125 92.625 92.9375 93.625 93.625 93.6875 94.25 94.5 95.0625 95.5 95.625 95.4375 96.3125 96.8125 97 97.5 98 98 99 99.3125 100 100.6875 100.625 100.9375 101 101.5 102 102 102.25 103 103.375 103.25 104 104.5625 104.25 105.0625 105.5 105.875 106 106 106.4375 107 107 108 108.0625 108.75 109 109.4375 110 110.0625 110.75 110.875 111.75 111.75 112.875 114.3125 115.625 116 116.1875 115.8125 116.1875 115.6875 116.1875 115.3125 115.75 116 116 116 116.3125 116.625 116.25 116.75 116.625 117 117 117 117 117.1 NA NA NA NA NA NA NA NA NA NA NA NA NA NA NA NA NA 
NA NA NA NA NA NA NA NA NA NA NA NA NA NA 92.625 91.75 91.25 91.625 92.125 92.1875 91.375 91.0625 91.125 89.875 90.5 91.125 91.375 91.3125 91.5625 92 92 92.0625 92 92.5625 93.125 93.1875 93.9375 94.1875 94.25 94.125 94.8125 94.8125 95.25 95.75 96.4375 96.9375 97.4375 97.9375 98.75 99 99.125 99.875 100.125 100.5 101 101 101.25 101.75 101.875 102.1875 103 103.5 103.6875 104.5625 104.125 104.625 105 105.5625 105.75 106 106.125 106.75 106.9375 108.0625 108.125 108.5 109 109.0625 109.875 110.0625 110.25 110.75 111.5625 111.9375 112.4375 113.875 115.375 116 115.0625 115.5625 115.375 115.3125 115.125 115 115.75 116 116 116 116.375 116.25 116 116 116 116.125 116.9375 116.9375 117 NA NA NA NA NA NA NA NA NA NA NA NA NA NA NA NA NA NA 
NA NA NA NA NA NA NA NA NA NA NA NA NA NA NA 90.7 90.8125 90.5 91.1875 91.75 91.375 91.4375 91.3125 90.75 90.75 90.6875 90.9375 91.1875 91 91 91 91.625 91.9375 92 92.375 92.9375 93.125 93.625 93.5 93.625 94.5 94.5 95.0625 95.75 95.75 96.125 96.75 97.4375 98.375 99 99 99.375 100 100.0625 100.625 101.0625 101.125 100.875 101.375 101.875 102.4375 103.3125 103.9375 104 104.4375 104.5 105 105 105.5 106 106 106.125 106.3125 107.9375 107.875 108.3125 109 109 109.5625 110 110.4375 111 111 111.4375 112 113.1875 114.6875 115.3125 115.625 115 114.5625 114.8125 115 115.0625 115.6875 115.9375 116 116.1875 116.3125 116.75 116 116 116.0625 116.5 116.0625 116.5 117 NA NA NA NA NA NA NA NA NA NA NA NA NA NA NA NA NA NA 
NA NA NA NA NA NA NA NA NA NA NA NA NA NA NA NA 90 89.5625 90.125 90.625 90.3125 89.75 89.875 90 90.3125 89.8125 89.9375 90.0625 90.5 90.6875 90.4375 90.125 90.5 91.625 92 92.0625 92.625 93 93.1875 93.375 93.375 94.125 94.625 95.125 95.8125 95.9375 95.875 96.75 97.9375 98.3125 98.9375 99 99.875 100 100.0625 101.0625 101.125 100.4375 100.9375 101.1875 102.0625 102.9375 103.4375 104 104.8125 105 104.875 105 105 105.4375 105.9375 106 106.625 107.8125 107.6875 108.25 109 109 109.125 110 110.1875 110.6875 110.8125 111.125 111.5 112.9375 114 114.3125 114.75 114.9375 114.6875 114.625 115 115.1875 115.625 116 116.125 116.25 116.6875 116.375 116.1875 116.125 116 116.25 116 116.5625 117.0833 NA NA NA NA NA NA NA NA NA NA NA NA NA NA NA NA NA NA 
NA NA NA NA NA NA NA NA NA NA NA NA NA NA NA NA NA 88.33334 87.86667 88.125 87.875 88.75 89.5625 89.0625 89.4375 89.625 89.625 89.875 90 90.4375 90.875 90.9375 90.625 90.25 91.0625 91.4375 91.875 92.375 92.75 93.125 93.25 93.4375 93.875 94.0625 95 95.75 96 96.125 97.25 97.9375 98.25 98.9375 99.1875 99.9375 100 100.1875 101.25 100.875 100.75 101.0625 101.6875 102.5 103.0625 103.9375 104 104.5 104.1875 104.8125 105.0625 105.75 106 106.0625 107 107.5625 107.0625 108 109 109 109.125 109.8125 110 110.6875 111 111 111.625 113.1875 114 114 113.6875 114.0625 114.375 114.25 114.625 115 115.0625 115.75 116.0625 116 116 116 116.125 116 116 116 116 116.625 NA NA NA NA NA NA NA NA NA NA NA NA NA NA NA NA NA NA NA 
NA NA NA NA NA NA NA NA NA NA NA NA NA NA NA NA NA NA NA 86.61539 87 87.9375 88.8125 89.0625 89 88.4375 88.625 89.0625 89.4375 89.9375 90.0625 90.3125 90.4375 90.375 90.5625 91.0625 91.375 91.875 91.875 92.6875 93.0625 93.5 93.1875 93.9375 94.625 95 95.625 96.1875 96.9375 97.625 98 98.25 99 99.1875 99.9375 100 100.1875 100.8125 101.0625 101 101.75 102.1875 102.875 103.5 104.0625 104.0625 104.3125 104.9375 105 105.3125 106 106.0625 106.4375 107.0625 107.5 108 108.625 109 109 109.5 110 110.5 110.9375 111.0625 111.375 112.6875 113.9375 114.5 114.625 114.3125 114.375 115.6875 115.9375 115.3125 115.4375 115.5 115.6875 116.0625 116 116.0625 116 116 116.125 116 116.125 116.375 116.7692 NA NA NA NA NA NA NA NA NA NA NA NA NA NA NA NA NA NA 
NA NA NA NA NA NA NA NA NA NA NA NA NA NA NA NA NA NA NA NA 86.6 87.25 88.375 87.875 88.375 88.8125 88.875 88.6875 88.4375 88.75 89.125 89.125 89.375 89.5625 90.125 90.1875 90.0625 90.8125 91 91.875 92.625 93 93.0625 93.25 94.0625 94.75 95.0625 95.8125 96.25 96.5625 97.25 97.4375 98.1875 98.3125 99.0625 99.25 99.625 100 100.25 100.375 101.5 102 102.25 103.3125 103.6875 104 104 104.3125 105 105 105.3125 105.625 106.0625 106.3125 107.125 107.4375 108.125 108.375 108.875 109.0625 109.3125 110 110.25 110.625 110.8125 112.125 113.125 114.0625 114.0625 114.75 115 115.1875 115.8125 115.875 115.5 116 116 116.0625 116 116.25 116.5 116.0625 116.625 116.5625 116 116.4375 117 NA NA NA NA NA NA NA NA NA NA NA NA NA NA NA NA NA NA 
NA NA NA NA NA NA NA NA NA NA NA NA NA NA NA NA NA NA NA NA NA 86.1875 86.625 86.4375 87.5 88 88.3125 88.25 88.5 88.9375 88.6875 88.75 89 88.75 89.8125 90.3125 90.25 90.4375 90.3125 90.875 91.8125 92.3125 92.4375 93.1875 93.625 94 94.5625 95.25 96.3125 96.375 96.9375 97 97.4375 97.875 98.0625 98.875 99.0625 99.8125 100 100.1875 101.125 101.75 102.125 102.6875 102.9375 103.3125 104 104 104.5625 105 105.5 105.9375 106 106.6875 107 107 107.75 108 108.0625 108.9375 109.625 110 110.375 110.625 110.875 112.1875 113.875 114 113.875 114.0625 114.4375 114.75 115 115.8125 115.5625 116 116.25 116.1875 116.0625 116.1875 117.1875 116.3125 116.0625 116.25 116 116.3125 117.125 117.4 NA NA NA NA NA NA NA NA NA NA NA NA NA NA NA NA NA 
NA NA NA NA NA NA NA NA NA NA NA NA NA NA NA NA NA NA NA NA NA 86.08334 85.8125 85.875 86.75 87.0625 87.4375 87.9375 87.4375 88 87.9375 88.6875 88.75 88.25 89.375 89.8125 90 90.3125 89.9375 90.375 91.4375 92 92.25 92.8125 93.6875 94.1875 94.5625 95.0625 95.625 95.875 96.125 96.5 96.8125 96.9375 97.625 98.125 98.75 99.0625 99.75 100 100.5625 101.5 101.6875 102.25 102.5625 102.8125 103.6875 103.875 104 104.75 105.0625 105.875 106 106.875 107 107 107.3125 107.875 108.125 108.375 109.125 110 110.5625 111 111.1875 112.0625 113.6875 113.875 113.375 114 114 114.5 115 115.125 115.5625 115.5625 116.0625 116.3125 116 116.0625 116.5 116 116 116 116 116.625 117.0625 117.0625 117.375 NA NA NA NA NA NA NA NA NA NA NA NA NA NA NA NA 
NA NA NA NA NA NA NA NA NA NA NA NA NA NA NA NA NA NA NA NA NA 84 85.125 84.4375 85.6875 86.125 86.625 87.1875 87.875 87.625 87.625 87.9375 88.0625 88.625 89.1875 89.6875 89.75 89.625 89.875 89.8125 90.75 91.6875 92.5625 93.0625 93.625 94.25 94.9375 95.375 95.5 96.5625 96.375 95.75 96.1875 97.25 98 98.625 98.4375 99.375 99.25 99.5625 100.5 101 101.625 102 102.1875 102.5625 103.0625 103.5 104.0625 104.4375 105 105.25 106 106.25 106.9375 107.125 107.0625 107.875 108.125 108.3125 108.9375 110 110.0625 110.9375 111 112 113 113.5625 113.625 113.75 114 114.0625 114.1875 114.4375 114.9375 115.3125 115.875 116.0625 116.125 116.1875 116.125 116.1875 116.0625 116 116.0625 116.4375 116.625 116.6875 116.5625 117 NA NA NA NA NA NA NA NA NA NA NA NA NA NA NA 
NA NA NA NA NA NA NA NA NA NA NA NA NA NA NA NA NA NA NA NA 82.1 82.875 83.3125 82.5 83.8125 84.875 85.25 86.4375 87.25 87.1875 87.5625 87.75 88.0625 88.25 89 89.4375 89.875 89.8125 89.5 90.1875 90.3125 91 91.625 92.75 93.4375 93.9375 95 95.625 95.6875 96.4375 96.0625 95.625 95.8125 97.875 98.1875 98.3125 98.25 99.25 99.8125 99.3125 100.0625 100.9375 101.125 101.9375 102.0625 102.1875 103 103.5 104 104.625 105 105 105.375 106 106.625 107 107.25 108 108.75 108.75 108.8125 109.375 109.9375 110.75 111 112 113 113.6875 114.1875 113.9375 114.5625 114.75 115.375 115.5625 115.9375 116 115.1875 115.875 116.1875 116 116.125 116 116.125 116 116 116.6875 117.1875 117.1875 117.6875 117.25 NA NA NA NA NA NA NA NA NA NA NA NA NA NA NA 
NA NA NA NA NA NA NA NA NA NA NA NA NA 82.125 82.375 81.375 80.9375 80.22222 80.9 81.625 81.63636 81.3125 82.375 82.8125 83 83.8125 84.375 85.3125 86.125 87 87.3125 88 87.9375 88.5 88.9375 89.875 89.9375 90.1875 89.625 90.125 90.8125 91.4375 91.375 92.1875 93.125 93.75 95 96.125 97.1875 97.25 97 95.75 95.9375 96.0625 97.125 98.3125 98.5625 99 99.9375 100.4375 100.5625 101.375 101.1875 101.375 101.875 102.5 102.8125 103 103.9375 104.0625 104.875 105 105.375 106 106.5625 107 107.4375 108 108.125 108.9375 108.875 109.625 109.9375 110.375 111 112 113 113.4375 114.125 114.25 114.75 115.375 115.5 116 116.4375 116.375 116.4375 116.0625 116.25 115.75 116 116 116 116 116.0625 116.5625 117.1875 117.5625 117.375 117.8125 NA NA NA NA NA NA NA NA NA NA NA NA NA NA NA 
NA NA NA NA NA NA NA NA NA NA NA NA NA 81.8125 81.9375 80.875 81.25 79.69231 80.35714 80.6875 81.0625 80.5 80.9375 81.5625 82.1875 83.5 83.875 84.6875 85.875 86.125 87.125 87.875 88.3125 88.75 89.0625 90 89.9375 89.4375 89.9375 90.9375 90.6875 90.9375 91.375 91.8125 93.25 94.375 95.0625 95 96.25 96.0625 96.5 97.125 96.875 95.6875 96.6875 98.25 99.25 99.8125 100.75 101.0625 102 102.5 102.8125 102.4375 101.9375 102.4375 102.9375 103 103.4375 104 104.6875 104.875 105 106 106.875 106.9375 107.1875 107.9375 108.3125 108.8125 108.75 109.5 110 110 110.8125 112 113 113 113.9375 114 114.25 114.875 115.1875 115.875 115.875 116.0625 116.4375 115.9375 116.5625 116.0625 115.5625 115.5 115.8125 116 116.0625 116.3125 116.6875 116.625 117.1875 117.25 NA NA NA NA NA NA NA NA NA NA NA NA NA NA NA 
NA NA NA NA NA NA NA NA NA NA NA NA 81 81.1875 80.3125 79.25 78.9375 79.75 79.5625 80.75 81.5 81.9375 80.625 80 81.5625 82.5 83.125 84.0625 85.1875 85.8125 86.5 86.8125 87.5 88.6875 89.25 90.1875 89.75 89.625 90.4375 90.3125 90.375 91.0625 91.25 92.5 93.5 93.9375 94.5625 94.625 94.75 95.375 95.25 95.875 96.9375 95.875 96.75 98.25 98.4375 99.0625 100.25 101.125 101.1875 101.875 102.5 103.0625 102.9375 103 103.25 103.1875 103.75 104 104.125 104.9375 105 105.875 106 106.75 107.125 107.9375 108.1875 108.25 108.875 109.25 110 110 111 111.9375 113 113.1875 113.8125 114 114.0625 114.6875 114.9375 115.0625 115.4375 115.5 115.3125 115.6875 115.9375 115.8125 115.625 115.9375 116.0625 116 115.625 115.75 116.25 116.75 117.25 117.0625 117.4286 NA NA NA NA NA NA NA NA NA NA NA NA NA NA 
NA NA NA NA NA NA NA NA NA NA NA NA NA 79.6 78.875 78.8125 79.8125 79.6875 79.9375 80.125 80.9375 81.9375 81.9375 80.5625 80.25 81.1875 82.5625 83.8125 84.6875 85.9375 86.5 87.25 87.3125 88.375 89.25 89.875 90.5 90.125 89.75 90.3125 90.625 91.5625 91.5 92.6875 94.0625 94.375 94.1875 94.6875 95.625 97.1875 96.125 95.3125 96.3125 95.5625 96.5 97.3125 97.75 99.25 100.8125 102.25 101.875 102.375 101.875 102.125 102.8125 103 102.9375 103 103.625 104 104 104.875 105 105.4375 106 106.5625 106.9375 107.1875 107.6875 108.1875 108.875 109.25 110 110.0625 111 112 113 113.375 114 114 114.3125 114.375 114.75 114.3125 114.5 115 115.3125 115.25 115.25 115.5625 116.0625 116.5625 116.9375 116.8125 116.5 115.4375 115.625 116 116.4375 116.8125 117 118.3333 NA NA NA NA NA NA NA NA NA NA NA NA NA 
NA NA NA NA NA NA NA NA NA NA NA NA NA NA NA 78.81818 78.875 79.125 80.375 81.4375 81.0625 81.75 81.125 80.3125 79.875 81.3125 82.9375 83.8125 84.625 85.5 86.3125 87.25 87.6875 88.125 89.1875 90 90.9375 91.3125 90.875 90.75 90.5625 91.25 91.8125 93.6875 94.3125 94.5 94.25 95.1875 96.875 97.0625 96.3125 96.1875 96.0625 95.875 96.4375 96.5625 97.875 99.25 99.9375 101.3125 102.25 103 103.125 102.125 102 102.8125 103 103 103.25 103.75 104.0625 104.5 104.4375 105.125 106 106.75 107.0625 108 108.3125 108.5 108.9375 109.0625 109.625 110.1875 110.625 111.5 112.8125 113 113.875 114 114 114.1875 114.6875 115.0625 115.1875 115 115.125 115 115 115.5 116 116 116.75 116.875 117 116.625 116.5625 115.5625 115.875 116.3125 116.9375 117.1875 117.4375 NA NA NA NA NA NA NA NA NA NA NA NA 
NA NA NA NA NA NA NA NA NA NA NA NA NA NA NA NA NA 79.66666 80.5 81.3125 81.8125 82.1875 81.875 80.1875 79.875 81.0625 82.4375 83.125 85.25 86.625 86.75 86.9375 87.5 88.1875 89.375 90.1875 90.8125 91.375 91.6875 90.875 91.8125 91.5625 92.5 93.9375 94.9375 94.6875 94.75 95 96.8125 97 96.6875 96.25 96.5 96.3125 96.5 96.6875 97.4375 98.375 99.8125 100.4375 101.5625 102.75 103.25 102.125 102.125 102.3125 103.125 103.0625 103.0625 104 103.9375 104.25 104.75 105.5 106.1875 106.9375 107.8125 108.125 109.5 108.875 109.125 109.125 109.375 110 110.4375 111.375 112.4375 113 113.25 114 114.125 114.625 115.0625 115.5 115.875 115.5 115 115 115.125 115.125 115.4375 115.8125 116.25 116.6875 116.625 116.9375 116.6875 115.8125 115.375 115.5625 116.25 116.5 117.1875 117.375 118.8125 120.125 NA NA NA NA NA NA NA NA NA 
NA NA NA NA NA NA NA NA NA NA NA NA NA NA NA NA NA NA NA 81 81.625 81.9375 80.625 80 80 81.1875 81.6875 83.0625 85.4375 86.375 87.3125 87.875 88 88.625 89.5625 90.3125 91 91.5625 91.9375 91.3125 91.75 91.9375 93.25 94.1875 94.4375 95.125 95.5625 95.375 96.6875 96.6875 96 95.6875 96.1875 96.1875 96.1875 96.6875 98.375 98.4375 99.5625 100.375 102.25 103.0625 103.4375 102.6875 102.5 102.75 103 103.375 103.125 103.9375 103.5625 104.375 105.5 106.3125 107 107.1875 107.75 108.5625 108.875 109.75 109.5625 109.625 109.5 110.5 111 112 112.75 112.875 113.125 114 114.0625 114.125 115 115 115.0625 115.3125 115.1875 115 115.75 115.4375 115.1875 115.25 115.875 115.875 115.625 116.1875 116.3125 115.8125 115.3125 115.9375 115.9375 116.375 117.25 118.1875 118.1875 117.8125 118.9375 118.2667 NA NA NA NA NA NA NA 
NA NA NA NA NA NA NA NA NA NA NA NA NA NA NA NA NA NA NA NA 81.875 80.875 80.875 80.75 80.125 80.9375 82.4375 83.8125 85.125 86 86.75 87.9375 88.625 89.0625 89.6875 90.1875 90.9375 91.75 92.25 91.9375 92.25 92.875 94.625 94.875 95.1875 95.3125 95.625 95.8125 96.875 95.875 95.375 96.375 95.8125 96.25 96.0625 96.5625 97.9375 99.8125 101.25 102.4375 102.5 103.375 102.9375 102.125 102.3125 102.875 102.875 102.75 103 103.1875 103.125 103.75 104.6875 106 106.5 106.5 107 107.8125 108 108.8125 109.0625 109.25 109.875 110.0625 110.4375 111.1875 112.4375 112.75 112.8125 113.6875 113.75 114.1875 114.75 114.75 114.75 114.75 114.75 114.4375 114.75 114.5625 115 115.5 116.0625 116.4375 116.875 116.375 115.5625 116.125 115.6875 115.4375 116.0625 116.0625 116.5625 117.3125 117.4375 116.8125 116.875 117.3125 118.1875 119.25 NA NA NA NA NA 
NA NA NA NA NA NA NA NA NA NA NA NA NA NA NA NA NA NA NA NA NA 82.33334 81.8125 81.0625 81.5625 81.75 82.0625 83.75 86.375 86.4375 87.5625 88.25 89.0625 89.5625 90 90.5 91 91.3125 92.125 92.8125 92.9375 93.5 93.625 93.375 95 96.125 96.3125 96.6875 95.4375 95.75 95.3125 95.3125 95.75 95.5 96 96.8125 97.625 99 101.5 102.4375 103 101.75 101.875 102.4375 102.125 102.125 102 101.9375 102.8125 102.375 103.3125 103.25 103.9375 105.625 106 106.375 107.0625 107.6875 108 108 108.5 109 109.875 110 110.3125 110.6875 111.5 112 112 112.5 113 113 113.375 113.5625 113.625 113.5 113.3125 113.5 114.8125 114.6875 114.4375 114 114.875 115.5625 116.125 116.1875 115.75 115.5625 115.5625 115.625 115.1875 115.5 115.9375 116.0625 116.125 116.9375 117.875 118.5 118.5625 118.6875 119.4444 NA NA NA NA 
NA NA NA NA NA NA NA NA NA NA NA NA NA NA NA NA NA NA NA NA NA 83.22222 83.3125 82.5 82.875 83.3125 82.875 84 86.125 87.8125 88.75 88.25 89.0625 90.0625 90.25 90.875 91.0625 91.5625 92 92.1875 92.875 93.5625 93.1875 93.5625 94.0625 95.625 95.875 95.1875 95 95.8125 95.375 95.125 95.5 95.6875 96.25 96.8125 97.625 98.5625 100.4375 102.1429 102.9286 101.3125 101.6875 101.875 101.5625 102.0625 102.3125 102.625 102.875 103.6875 103.5625 103.6875 104.1875 105.5 106 106.5625 107 107.0625 108 108 108.1875 108.875 109.1875 109.75 110 110.6875 111 111.875 112 112.0625 112.8125 113 113.125 113.125 113.1875 112.75 113.4375 113.25 114.875 115.0625 115.0625 114.6875 114.0625 114.375 114.5 115 114.875 114.8125 115 115.1875 115.25 114.875 114.75 115.375 115.375 116.0625 116.3125 117.6875 117.3125 118.1875 117 NA NA NA NA 
NA NA NA NA NA NA NA NA NA NA NA NA NA NA NA NA NA NA NA NA NA NA NA 83.72727 83.625 82.75 83.75 84.125 85.25 87.25 88.5625 89.0625 89.75 90.375 91 90.9375 91.25 92 92 92.875 93.5 94 93.875 93.1875 93.75 94.875 94.25 94.1875 95 95.4375 95.1875 95.25 95.375 95.9375 96.375 96.375 97.13333 NA NA NA NA 101.7 101.125 101.4375 101.5625 101.625 102.125 102.3125 102.875 103.4375 103.4375 103.5625 104 105.4375 106 106.1875 106.875 107 107.125 107.9375 108.0625 108.1875 108.6875 108.9375 109.625 110.5 111 111.25 111.9375 112 112.0625 112.0625 112.75 113.125 113.625 112.5625 112.875 113.3125 114.25 114.5 114.4375 114.3125 114.625 113.5 113.9375 114 113.875 114.125 114.3125 114.125 114.75 114.3125 114.8125 115.6875 115.4375 115.25 115.125 115.3125 116.9375 117.0625 116.75 116.8667 NA NA NA 
NA NA NA NA NA NA NA NA NA NA NA NA NA NA NA NA NA NA NA NA NA NA NA NA 84.55556 84.125 84.125 85.125 85.3125 87.0625 88 89.25 90.375 90.75 91.6875 91.625 91.5 92.125 92.4375 93.125 93.9375 94 94.3125 93.75 93.3125 94.5625 95.25 94.875 94.875 95.1875 95.75 95.375 95.5 96 97 97.125 NA NA NA NA NA 100.875 101.4 101.1875 102.5 102.625 102.25 102.75 102 102.4375 102.8125 103.625 104 105.3125 105.6875 106 106 106.6875 107 107.25 107.875 108.1875 108.125 108.75 109 109.6875 110.75 111.0625 111.3125 111.9375 112 112.1875 112.4375 112.875 112.75 113 112.875 113 114.75 115 114.125 114 114.8125 113.75 113.4375 113.75 113.9375 114 114.5 114.75 113.875 113.9375 114.25 115 115.1875 115.4375 115.25 114.875 115.625 116.0625 116.25 116.8125 117.125 117.3333 NA 
NA NA NA NA NA NA NA NA NA NA NA NA NA NA NA NA NA NA NA NA NA NA NA NA NA NA 85.63636 85.25 85.78571 87.0625 88 89.125 90.625 92 92.125 92.3125 92.625 93 92.875 93.5 94 94.25 94.875 94.9375 94.9375 93.9375 94 94 94.875 95.5625 95.6875 95.5 96.25 96.8125 NA NA NA NA NA NA NA 100.7 101.7333 101.5 102.25 102.5625 102.3125 103.25 102.3125 103.25 102.625 103.0625 103.5 105 105.5 105.3125 105.625 106.625 107.0625 107 107.8125 108.6875 108.1875 108.5 109.375 109.4375 110 110.875 111 111.1875 111.8125 112 112 112 112.5625 112.9375 112.5 112.4375 113.8125 114.25 115.6875 115.8125 115.5625 115.4375 113.25 114.125 114.75 114.875 115.125 114.75 114.875 114.5625 114.5 114.8125 114.75 115.375 115.5625 115.0625 114.5 115.25 115.6875 116.125 116.375 116.1875 116.8125 
NA NA NA NA NA NA NA NA NA NA NA NA NA NA NA NA NA NA NA NA NA NA NA NA NA NA NA NA NA 87.8125 89 90.5 90.6875 92 92.9375 93 93 93.375 93.625 94.0625 94.375 94 94.5625 94.9375 95.5 95.9375 95.1875 94.625 94.0625 95.0625 95.5625 95.8125 96.25 97.125 97.875 NA NA NA NA NA NA NA NA 102.5556 102.6667 102.75 102.7333 102.75 103.3571 103.75 103.25 103.0625 103 104.1875 104.625 105.125 105.5625 106.5 107 107 107.5 108 108.875 108.6875 109.6875 109.5625 110 110.4375 110.875 111 111.125 111.5 111.9375 112 112.1875 112.6875 113 112.8125 113.3125 113.8125 114 115.8125 116.75 116.75 114.75 113.5625 114.375 115.1875 114.9375 114.3125 114.25 114.5625 114.75 114.9375 114.375 114.1875 114.875 115.3125 115.125 115.125 114.8125 114.875 115.25 115.5625 116 
NA NA NA NA NA NA NA NA NA NA NA NA NA NA NA NA NA NA NA NA NA NA NA NA NA NA NA NA NA NA 89.55556 91 91 92.06667 93 93.125 93.4375 93.9375 94.25 94.8125 95 94.6875 94.8125 95 95.375 96 95.4375 94.875 95.25 95.125 95.6875 96.1875 96.25 97.0625 97.875 98.4375 NA NA NA NA NA NA NA NA NA NA NA NA NA 104.125 103.375 103.25 103.1875 104.4375 104.375 105.5625 105.875 105.875 106.625 107 107.1875 108.125 108 108.1875 108.75 109.25 110 110.0625 110.75 110.6875 110.625 111 111.0625 111.625 111.875 112 112.3125 112.6875 113.875 113.25 114 113.4375 114.375 115.875 115.25 113.75 114.1875 114.0625 114.5 114.8125 114.75 114.0625 114.1875 114 114.3125 114.125 114 114.5625 114.9375 114.3125 114.5 114.9375 115.125 115 115.1818 
NA NA NA NA NA NA NA NA NA NA NA NA NA NA NA NA NA NA NA NA NA NA NA NA NA NA NA NA NA NA NA NA NA NA NA 93.8 93.875 94 94.9375 95 95.4375 95.125 95.625 95.5 96 96.0625 95.875 95.375 95.8125 95.5625 96.1875 96.8125 97.3125 97.875 98.75 98.72727 NA NA NA NA NA NA NA NA NA NA NA NA NA NA 103.5 103.375 103.375 104.5625 104.8125 105.0625 106.125 106.6875 106.25 106.5625 106.875 107.125 107.8125 108 108.0625 108.9375 109.875 110 110 110 110.875 111 111 111 111.0625 111.75 112 112 113.375 114 113.625 113 113.375 113.6875 114.0625 114.25 113.9375 113.75 114 114.5 114.375 114.0625 113.875 113.9375 114 114 114 114.3125 114.75 114.125 114 114 114.2 NA NA 
NA NA NA NA NA NA NA NA NA NA NA NA NA NA NA NA NA NA NA NA NA NA NA NA NA NA NA NA NA NA NA NA NA NA NA NA 94.53846 94.8125 95 95.1875 95.8125 96 95.3125 95.75 96.125 96.5625 96.1875 95.75 96.3125 95.9375 96.75 97.1875 97.9375 98.375 99.0625 99.25 NA NA NA NA NA NA NA NA NA NA NA NA NA NA 103.9286 103.9375 103.75 104.875 104.8125 105.1875 105.625 106.0625 106.5625 107.3125 107.125 107 107 107.4375 108 108.375 109.0625 109.375 109.5625 110 110.375 110.8125 110.75 111 111 111 111.25 111.75 113.125 113.625 113.8125 113 113 113.1875 113.0625 113.125 113.4375 113.1875 113.875 113.875 114.5 114.625 114 113.9375 113.375 113.75 113.3125 113.6875 113.8125 113.75 113.625 114 NA NA NA 
NA NA NA NA NA NA NA NA NA NA NA NA NA NA NA NA NA NA NA NA NA NA NA NA NA NA NA NA NA NA NA NA NA NA NA NA NA 95.78571 96.125 95.875 96.1875 96.3125 96.1875 96 96 96.0625 96.625 96.875 96.5625 96.875 97.5 97.875 98.57143 98.875 NA NA NA NA NA NA NA NA NA NA NA NA NA NA NA NA NA NA NA 105.125 104.6875 104.875 105.8125 106.3125 106.875 107.5 107.9375 107.4375 107 107.375 108 108 108.6875 109 109 109.75 110 110 110.1875 110.75 111 111 111 111.0625 112.5625 112.6875 112.9375 112.75 112.6875 112.1875 112.3125 112.4375 112.75 113.3125 113.375 113.6875 114.0625 114.625 114.4375 113.375 112.9375 113.375 113.3125 112.875 112.375 112.1875 112.5 NA NA NA NA 
NA NA NA NA NA NA NA NA NA NA NA NA NA NA NA NA NA NA NA NA NA NA NA NA NA NA NA NA NA NA NA NA NA NA NA NA NA NA 97 96.375 NA 96 96.125 96.25 96.625 96.8125 97 97.8125 96.6875 96.625 97.26667 97.8 NA NA NA NA NA NA NA NA NA NA NA NA NA NA NA NA NA NA NA NA NA 105.0625 104.8125 105 105.25 105.875 106.8125 107.4375 107 107.4375 107.0625 107.3125 107.8125 108.1875 108.75 109 109.0625 109.5 110 110 110 110.0625 110.3125 110.8125 111 111 112 112.125 112.0625 112.1875 112.0625 112.1875 112.5 112.875 113.1875 113.5625 113.125 113.0625 113.0625 113.6875 113.5625 113.8125 112.4375 112.8125 113.6875 113.375 112.5625 NA NA NA NA NA NA 
NA NA NA NA NA NA NA NA NA NA NA NA NA NA NA NA NA NA NA NA NA NA NA NA NA NA NA NA NA NA NA NA NA NA NA NA NA NA NA NA NA NA NA 97 97 97 97.3125 97.625 97.625 98.1875 NA NA NA NA NA NA NA NA NA NA NA NA NA NA NA NA NA NA NA NA NA NA NA 105.125 105.1875 105.6875 105.9375 105.8125 106.4375 107 106.375 107 107.125 107.0625 107.5 108.0625 108.3125 108.9375 109 109 109.375 109.5625 110 110 110 110.0625 110.25 110.375 112 112.0625 112.1875 112.1875 112.375 112.5 111.8125 112.5625 112.25 112.8125 113.6875 113.5625 113.75 113.1875 113.5625 112.9375 112.6875 112.75 113.3125 113.1875 112.8333 NA NA NA NA NA NA 
NA NA NA NA NA NA NA NA NA NA NA NA NA NA NA NA NA NA NA NA NA NA NA NA NA NA NA NA NA NA NA NA NA NA NA NA NA NA NA NA NA NA NA NA NA NA 98.125 98.75 98.3125 99.1875 99.8 NA NA NA NA NA NA NA NA NA NA NA NA NA NA NA NA NA NA NA NA NA NA NA 105.3636 106 105.875 105.1875 105.9375 106.125 106 106.25 106.3125 106.6875 106.9375 107.625 108.1875 108.25 108.875 109 109.5 109.625 109.8125 110 110 110 110 110.125 111 111.375 111.0625 112.0625 112.875 113.25 112.4375 111.4375 111.9375 112.4375 112.1875 112.375 113.75 113.75 113.625 113.4375 112.8125 112.75 113.625 113 NA NA NA NA NA NA NA 
NA NA NA NA NA NA NA NA NA NA NA NA NA NA NA NA NA NA NA NA NA NA NA NA NA NA NA NA NA NA NA NA NA NA NA NA NA NA NA NA NA NA NA NA NA NA 98.875 99.5625 100.0625 100.1875 100.5 NA NA NA NA NA NA NA NA NA NA NA NA NA NA NA NA NA NA NA NA NA NA NA NA NA 105.875 105.8889 106 105.625 105.875 105.9375 106 106 106.4375 107.3125 108.1875 108.4375 108.5 109 109 109 109.125 109.25 109.5625 110 109.9375 109.75 109.875 109.9375 110.8125 111.375 112.4375 112.5 111.5625 111.8125 112.3125 111.8125 112.625 112.625 113.1875 NA 114.1111 NA NA NA NA NA NA NA NA NA NA NA NA 
NA NA NA NA NA NA NA NA NA NA NA NA NA NA NA NA NA NA NA NA NA NA NA NA NA NA NA NA NA NA NA NA NA NA NA NA NA NA NA NA NA NA NA NA NA NA 100.9 NA 101 NA NA NA NA NA NA NA NA NA NA NA NA NA NA NA NA NA NA NA NA NA NA NA NA NA NA NA NA NA 106.1667 105.8125 106 105.8125 105.4375 105.8125 106.25 107.375 108.25 108.1875 108.25 108.5 108.375 108.3125 109.125 109.5625 109.4375 109.8125 109.875 109.8125 109.6875 108.9375 110 111.3125 111.8125 112.375 112.125 113.375 113 112.5 112.75 112.6154 NA NA NA NA NA NA NA NA NA NA NA NA NA NA NA 
NA NA NA NA NA NA NA NA NA NA NA NA NA NA NA NA NA NA NA NA NA NA NA NA NA NA NA NA NA NA NA NA NA NA NA NA NA NA NA NA NA NA NA NA NA NA NA NA NA NA NA NA NA NA NA NA NA NA NA NA NA NA NA NA NA NA NA NA NA NA NA NA NA NA NA NA NA NA 105.4 105.4375 105.5 105.9375 105.5625 105.8125 106.4375 107.5 108 108 107.9375 107.9375 108.375 108.75 109.4375 109.8125 109.75 109.6875 109.875 109.125 108.3125 109 110.0625 111 111.8125 112.75 112.3125 113.125 113.6875 112.3125 112.3077 NA NA NA NA NA NA NA NA NA NA NA NA NA NA NA NA 
NA NA NA NA NA NA NA NA NA NA NA NA NA NA NA NA NA NA NA NA NA NA NA NA NA NA NA NA NA NA NA NA NA NA NA NA NA NA NA NA NA NA NA NA NA NA NA NA NA NA NA NA NA NA NA NA NA NA NA NA NA NA NA NA NA NA NA NA NA NA NA NA NA NA NA NA NA NA 105.125 105.1875 105.3125 105.375 105.75 105.5 105.875 107.1875 107.75 107.75 107.6875 107.875 107.9375 109.3125 109.8125 110.25 110.3125 109.125 109.0625 108.375 108.375 109.4375 110.5 111.125 111.9375 112.875 112.8125 113.0625 113.125 112.0625 112 NA NA NA NA NA NA NA NA NA NA NA NA NA NA NA NA 
NA NA NA NA NA NA NA NA NA NA NA NA NA NA NA NA NA NA NA NA NA NA NA NA NA NA NA NA NA NA NA NA NA NA NA NA NA NA NA NA NA NA NA NA NA NA NA NA NA NA NA NA NA NA NA NA NA NA NA NA NA NA NA NA NA NA NA NA NA NA NA NA NA NA NA NA NA NA NA NA 105.4 105.4 106.2143 105.625 105.9375 106.5625 107.9375 108.0625 108.3125 108 108.1875 108.8125 109.1875 109.5625 109.625 109.0625 108.4375 108.3125 109 109.4375 110 110.5625 111.0625 112.4375 112.9375 112.1875 112.6875 111.875 111.9375 111.875 NA NA NA NA NA NA NA NA NA NA NA NA NA NA NA 
NA NA NA NA NA NA NA NA NA NA NA NA NA NA NA NA NA NA NA NA NA NA NA NA NA NA NA NA NA NA NA NA NA NA NA NA NA NA NA NA NA NA NA NA NA NA NA NA NA NA NA NA NA NA NA NA NA NA NA NA NA NA NA NA NA NA NA NA NA NA NA NA NA NA NA NA NA NA NA NA NA NA NA 106.5 106.0769 106.5 107.75 108 108.5 108.25 108 108.0625 108.6875 108.9375 108.5625 108.9375 108.5625 108.25 108.9375 109 109 109.6875 110.25 111.375 112.0625 112 112.6875 112.3125 112.4375 112.3077 NA NA NA NA NA NA NA NA NA NA NA NA NA NA NA 
NA NA NA NA NA NA NA NA NA NA NA NA NA NA NA NA NA NA NA NA NA NA NA NA NA NA NA NA NA NA NA NA NA NA NA NA NA NA NA NA NA NA NA NA NA NA NA NA NA NA NA NA NA NA NA NA NA NA NA NA NA NA NA NA NA NA NA NA NA NA NA NA NA NA NA NA NA NA NA NA NA NA NA NA NA 106.8889 NA NA NA 108 108 107.9375 108.125 108.4375 108.25 108.125 108.0625 108.125 108.9375 108.6875 108.5625 109.1875 110.0625 110.4375 111.25 112 112.5 113 113.125 113.2222 NA NA NA NA NA NA NA NA NA NA NA NA NA NA NA 
NA NA NA NA NA NA NA NA NA NA NA NA NA NA NA NA NA NA NA NA NA NA NA NA NA NA NA NA NA NA NA NA NA NA NA NA NA NA NA NA NA NA NA NA NA NA NA NA NA NA NA NA NA NA NA NA NA NA NA NA NA NA NA NA NA NA NA NA NA NA NA NA NA NA NA NA NA NA NA NA NA NA NA NA NA NA NA NA NA 108.8 108.5625 107.75 108.4375 108.375 107.8125 108 107.8125 108 108.0625 108.75 109.875 110.0625 111.25 112 110.9375 112.25 112.3125 112.0625 112.5 NA NA NA NA NA NA NA NA NA NA NA NA NA NA NA NA 
NA NA NA NA NA NA NA NA NA NA NA NA NA NA NA NA NA NA NA NA NA NA NA NA NA NA NA NA NA NA NA NA NA NA NA NA NA NA NA NA NA NA NA NA NA NA NA NA NA NA NA NA NA NA NA NA NA NA NA NA NA NA NA NA NA NA NA NA NA NA NA NA NA NA NA NA NA NA NA NA NA NA NA NA NA NA NA NA 107.6667 107.8125 108.625 108.125 108.25 107.25 107.25 107.125 107.125 108 108.5 109.5 109.75 110.625 110.625 111.8125 112 112.0625 112.0625 111.9375 112.125 NA NA NA NA NA NA NA NA NA NA NA NA NA NA NA NA 
NA NA NA NA NA NA NA NA NA NA NA NA NA NA NA NA NA NA NA NA NA NA NA NA NA NA NA NA NA NA NA NA NA NA NA NA NA NA NA NA NA NA NA NA NA NA NA NA NA NA NA NA NA NA NA NA NA NA NA NA NA NA NA NA NA NA NA NA NA NA NA NA NA NA NA NA NA NA NA NA NA NA NA NA NA NA NA NA 106.875 107.875 107.5625 107.125 106.6875 106.3125 106.375 107 107.0625 107.5625 108.0625 109.4375 110.1875 110.1875 111.25 111.8125 111.5625 110.9375 111.125 111.125 111.7692 NA NA NA NA NA NA NA NA NA NA NA NA NA NA NA NA 
NA NA NA NA NA NA NA NA NA NA NA NA NA NA NA NA NA NA NA NA NA NA NA NA NA NA NA NA NA NA NA NA NA NA NA NA NA NA NA NA NA NA NA NA NA NA NA NA NA NA NA NA NA NA NA NA NA NA NA NA NA NA NA NA NA NA NA NA NA NA NA NA NA NA NA NA NA NA NA NA NA NA NA NA NA NA NA 106.1538 106.5625 106.4375 106.0625 106 106.0625 106.125 106.625 106.8125 107.3125 108.1875 108.125 109.25 109.875 110.6875 111.4375 110.9375 111.5625 111.0625 110.6875 110.1875 110.4375 110.6 NA NA NA NA NA NA NA NA NA NA NA NA NA NA NA 
NA NA NA NA NA NA NA NA NA NA NA NA NA NA NA NA NA NA NA NA NA NA NA NA NA NA NA NA NA NA NA NA NA NA NA NA NA NA NA NA NA NA NA NA NA NA NA NA NA NA NA NA NA NA NA NA NA NA NA NA NA NA NA NA NA NA NA NA NA NA NA NA NA NA NA NA NA NA NA NA NA NA NA NA NA NA 105.6364 105.75 105.5625 105.5625 105.75 105.8125 106.0625 106.125 106.5 106.9375 107.25 107.1875 107.5625 108.3125 109.3125 109.9375 110.875 110.25 110.4375 110 110.4375 110.0625 109.4375 109.4375 110.25 111.1667 NA NA NA NA NA NA NA NA NA NA NA NA NA 
NA NA NA NA NA NA NA NA NA NA NA NA NA NA NA NA NA NA NA NA NA NA NA NA NA NA NA NA NA NA NA NA NA NA NA NA NA NA NA NA NA NA NA NA NA NA NA NA NA NA NA NA NA NA NA NA NA NA NA NA NA NA NA NA NA NA NA NA NA NA NA NA NA NA NA NA NA NA NA NA NA NA NA NA NA 104 104.4375 104.5 104.9375 105 105 105.0625 105.25 105.75 106 106.125 107.5 108 108.125 108 108.1875 109.25 110.1875 110.125 110.375 110.0625 109.4375 109.875 109.4375 108.4375 109.0625 109.8667 NA NA NA NA NA NA NA NA NA NA NA NA NA 
NA NA NA NA NA NA NA NA NA NA NA NA NA NA NA NA NA NA NA NA NA NA NA NA NA NA NA NA NA NA NA NA NA NA NA NA NA NA NA NA NA NA NA NA NA NA NA NA NA NA NA NA NA NA NA NA NA NA NA NA NA NA NA NA NA NA NA NA NA NA NA NA NA NA NA NA NA NA NA NA NA NA NA NA 104.4444 104.0625 104.0625 104.75 105 105 105 105 105 105.75 105.9375 106.3125 107.5625 107.6875 109 109.0625 109.6875 109.8125 109.5625 110.0625 110.4375 109.875 110.3125 110.25 108.9375 108.8125 109 109.5455 NA NA NA NA NA NA NA NA NA NA NA NA NA 
NA NA NA NA NA NA NA NA NA NA NA NA NA NA NA NA NA NA NA NA NA NA NA NA NA NA NA NA NA NA NA NA NA NA NA NA NA NA NA NA NA NA NA NA NA NA NA NA NA NA NA NA NA NA NA NA NA NA NA NA NA NA NA NA NA NA NA NA NA NA NA NA NA NA NA NA NA NA NA NA NA NA NA NA NA 104.3125 104 105 105 105 105 105 105.3125 105.75 106 106.1875 106.4375 107.125 108.125 108.1875 108.75 109.0625 109.25 109.5625 110.0625 110.3125 110.4375 109.9375 109.125 108.5 109 NA NA NA NA NA NA NA NA NA NA NA NA NA NA 
NA NA NA NA NA NA NA NA NA NA NA NA NA NA NA NA NA NA NA NA NA NA NA NA NA NA NA NA NA NA NA NA NA NA NA NA NA NA NA NA NA NA NA NA NA NA NA NA NA NA NA NA NA NA NA NA NA NA NA NA NA NA NA NA NA NA NA NA NA NA NA NA NA NA NA NA NA NA NA NA NA NA NA 104 104.1429 104.125 104.375 105 105 105.4375 105.125 105 105.125 105.6875 105.25 105.5625 106.0625 106.125 106.8125 107.8125 108.6875 109.4375 109.625 109.2857 110.3333 110.3125 109.8125 109.1875 108.8125 109.3 NA NA NA NA NA NA NA NA NA NA NA NA NA NA NA 
NA NA NA NA NA NA NA NA NA NA NA NA NA NA NA NA NA NA NA NA NA NA NA NA NA NA NA NA NA NA NA NA NA NA NA NA NA NA NA NA NA NA NA NA NA NA NA NA NA NA NA NA NA NA NA NA NA NA NA NA NA NA NA NA NA NA NA NA NA NA NA NA NA NA NA NA NA NA NA NA NA 104.4545 104.4375 104.25 104.0625 104.1875 104.375 104.9375 104.875 105.0625 104.875 105.125 105.0625 105.0833 106 106.8125 107.0625 106.75 106.5625 107.25 108.75 109.2 109.5 NA NA 109.2667 109.1875 108.9286 109 NA NA NA NA NA NA NA NA NA NA NA NA NA NA NA NA 
NA NA NA NA NA NA NA NA NA NA NA NA NA NA NA NA NA NA NA NA NA NA NA NA NA NA NA NA NA NA NA NA NA NA NA NA NA NA NA NA NA NA NA NA NA NA NA NA NA NA NA NA NA NA NA NA NA NA NA NA NA NA NA NA NA NA NA NA NA NA NA NA NA NA NA NA NA NA NA NA NA NA 104.3636 104.4375 103.6875 103.875 104.875 104.75 104.8125 104.9333 NA NA 104.9 NA NA NA 106.9091 107.0909 106.5556 NA NA NA NA NA NA NA NA NA NA NA NA NA NA NA NA NA NA NA NA NA NA NA NA NA NA 
NA NA NA NA NA NA NA NA NA NA NA NA NA NA NA NA NA NA NA NA NA NA NA NA NA NA NA NA NA NA NA NA NA NA NA NA NA NA NA NA NA NA NA NA NA NA NA NA NA NA NA NA NA NA NA NA NA NA NA NA NA NA NA NA NA NA NA NA NA NA NA NA NA NA NA NA NA NA NA NA NA NA NA 104.0667 103.8125 103.8125 104.3125 104.4667 105 NA NA NA NA NA NA NA NA NA NA NA NA NA NA NA NA NA NA NA NA NA NA NA NA NA NA NA NA NA NA NA NA NA NA NA NA 
