NA NA NA NA NA NA NA NA NA NA NA NA NA NA NA NA NA NA NA NA NA NA NA -15 NA -15 -15 NA NA NA NA NA NA NA -15 -14.5 NA NA NA NA NA NA NA NA NA NA NA NA NA NA NA NA NA NA NA NA NA NA NA NA NA NA NA NA NA NA NA NA NA NA NA NA NA NA NA NA NA NA NA NA NA NA NA NA NA NA NA NA NA NA NA NA NA NA NA NA NA NA NA NA NA NA NA NA NA NA NA NA NA NA NA NA NA NA NA NA NA NA NA NA NA NA NA NA NA 
NA NA NA NA NA NA NA NA NA NA NA NA NA NA NA NA NA NA NA NA NA -14.38461 -14.5 -14.25 -14.25 -14.3125 -14.25 -14.3125 -14.1 NA NA -14.33333 -14.5 -14.5 -14.5 -14.25 -14 -14 -14 -14 -14 -14 NA NA NA NA NA NA NA NA NA NA NA NA NA NA NA NA NA NA NA NA NA NA NA NA NA NA NA NA NA NA NA NA NA NA NA NA NA NA NA NA NA NA NA NA NA NA NA NA NA NA NA NA NA NA NA NA NA NA NA NA NA NA NA NA NA NA NA NA NA NA NA NA NA NA NA NA NA NA NA NA NA NA NA 
NA NA NA NA NA NA NA NA NA NA NA NA NA NA NA NA NA NA NA NA -14 -14 -14 -14 -14 -14 -14 -14 -14 -14 -14 -14 -14 -14 -14 -13.625 -13.125 -13 -13 -13 -13 -13 -13 -13 NA NA NA NA NA NA NA NA NA NA NA NA NA NA NA NA NA NA NA NA NA NA NA NA NA NA NA NA NA NA NA NA NA NA NA NA NA NA NA NA NA NA NA NA NA NA NA NA NA NA NA NA NA NA NA NA NA NA NA NA NA NA NA NA NA NA NA NA NA NA NA NA NA NA NA NA NA NA NA NA NA 
NA NA NA NA NA NA NA NA NA NA NA NA NA NA NA NA NA NA NA -13.46154 -13.625 -13.5 -13.5 -13.25 -13.25 -13.25 -13.375 -13.3125 -13.25 -13.375 -13.3125 -13.375 -13.5 -13.5 -13.25 -13.1875 -13 -13 -13 -13 -12.875 -12.75 -12.75 -12.75 -12.66667 NA NA NA NA NA NA NA NA NA NA NA NA NA NA NA NA NA NA NA NA NA NA NA NA NA NA NA NA NA NA NA NA NA NA NA NA NA NA NA NA NA NA NA NA NA NA NA NA NA NA NA NA NA NA NA NA NA NA NA NA NA NA NA NA NA NA NA NA NA NA NA NA NA NA NA NA NA NA NA NA 
NA NA NA NA NA NA NA NA NA NA NA NA NA NA NA NA -13 -13 -13 -13 -13 -13 -13 -13 -13 -13 -13 -13 -13 -13 -13 -13 -13 -13 -13 -12.5 -12 -12 -12 -12 -12 -12 -12 -12 -12 -12 NA NA NA NA NA NA NA NA NA NA NA NA NA NA NA NA NA NA NA NA NA NA NA NA NA NA NA NA NA NA NA NA NA NA NA NA NA NA NA NA NA NA NA NA NA NA NA NA NA NA NA NA NA NA NA NA NA NA NA NA NA NA NA NA NA NA NA NA NA NA NA NA NA NA NA NA NA NA NA 
NA NA NA NA NA NA NA NA -12 -12 NA NA NA NA -12.91667 -12.75 -12.75 -12.75 -12.75 -12.75 -12.5 -12.5 -12.5 -12.25 -12.25 -12.25 -12.25 -12.25 -12.25 -12.25 -12.25 -12.25 -12.25 -12.4375 -12.375 -12 -11.875 -11.8125 -11.75 -11.6875 -11.5 -11.625 -11.75 -11.5 -11.5 -11.5 NA NA NA NA NA NA NA NA NA NA NA NA NA NA NA NA NA NA NA NA NA NA NA NA NA NA NA NA NA NA NA NA NA NA NA NA NA NA NA NA NA NA NA NA NA NA NA NA NA NA NA NA NA NA NA NA NA NA NA NA NA NA NA NA NA NA NA NA NA NA NA NA NA NA NA NA NA NA NA 
NA NA NA NA NA NA NA NA -12 -12 -12.125 -12.125 -12 -12 -12 -12 -12 -12 -12 -12 -12 -12 -12 -12 -12 -12 -12 -12 -12 -12 -12 -12 -12 -12 -12 -11.5 -11 -11 -11 -11 -11 -11 -11 -11 -11 -11 -11 NA NA NA NA NA NA NA NA NA NA NA NA NA NA NA NA NA NA NA NA NA NA NA NA NA NA NA NA NA NA NA NA NA NA NA NA NA NA NA NA NA NA NA NA NA NA NA NA NA NA NA NA NA NA NA NA NA NA NA NA NA NA NA NA NA NA NA NA NA NA NA NA NA NA NA NA NA NA 
NA NA NA NA NA -11.25 -11.25 -11.0625 -11 -11 -11.5 -12 -12 -11.875 -11.75 -11.75 -11.75 -11.75 -11.5 -11.5 -11.5 -11.5625 -11.5 -11.4375 -11.25 -11.25 -11.25 -11.25 -11.25 -11.0625 -11 -11 -11 -11 -11 -10.9375 -10.875 -10.75 -10.625 -10.625 -10.5625 -10.4375 -10.375 -10.5 -10.25 -10.25 -10.25 -10.25 -10.25 -10.25 NA NA NA NA NA NA NA NA NA NA NA NA NA NA NA NA NA NA NA NA NA NA NA NA NA NA NA NA NA NA NA NA NA NA NA NA NA NA NA NA NA NA NA NA NA NA NA NA NA NA NA NA NA NA NA NA NA NA NA NA NA NA NA NA NA NA NA NA NA NA NA NA NA NA NA 
NA -11 -11 -11 -11 -11 -11 -11 -11 -11 -11.125 -11.25 -11.0625 -11 -11 -11 -11 -11 -11 -11 -11 -11 -11 -11 -11 -11 -11 -11 -11 -11 -11 -11 -11 -11 -11 -10.5 -10 -10 -10 -10 -10 -10 -10 -10 -10 -10 -10 -10 -10 -10 -9.818182 NA NA NA NA NA NA NA NA NA NA NA NA NA NA NA NA NA NA NA NA NA NA NA NA NA NA NA NA NA NA NA NA NA NA NA NA NA NA NA NA NA NA NA NA NA NA NA NA NA NA NA NA NA NA NA NA NA NA NA NA NA NA NA NA NA NA NA NA NA NA NA NA NA NA 
NA -11 -11 -11 -10.9375 -10.6875 -10.5 -10.375 -10.25 -10.1875 -10.625 -11 -11 -11 -11 -10.8125 -10.75 -10.6875 -10.5 -10.5625 -10.5 -10.5 -10.3125 -10.3125 -10.25 -10.25 -10.1875 -10 -10.125 -10.0625 -10 -10 -10 -10 -10 -9.875 -9.625 -9.4375 -9.4375 -9.5 -9.375 -9.25 -9.25 -9.0625 -9 -9 -9 -9 -9 -9 -9 -9 -9 NA NA NA NA NA NA NA NA NA NA NA NA NA NA NA NA NA NA NA NA NA NA NA NA NA NA NA NA NA NA NA NA NA NA NA NA NA NA NA NA NA NA NA NA NA NA NA NA NA NA NA NA NA NA NA NA NA NA NA NA NA NA NA NA NA NA NA NA NA NA NA NA 
NA -10.83333 -10.625 -10.25 -10.25 -10.25 -10.1875 -10 -10 -10 -10.125 -10.3125 -10.1875 -10 -10 -10 -9.9375 -9.75 -9.75 -9.75 -9.75 -9.75 -9.75 -10 -10 -9.75 -9.75 -9.75 -9.75 -9.75 -9.75 -9.75 -9.75 -9.75 -9.75 -9.375 -9 -9 -9 -9 -9 -9 -9 -9 -9 -9 -9 -9 -9 -9 -8.875 -8.75 -8.75 -8.75 -8.636364 NA NA NA NA NA NA NA NA NA NA NA NA NA NA NA NA NA NA NA NA NA NA NA NA NA NA NA NA NA NA NA NA NA NA NA NA NA NA NA NA NA NA NA NA NA NA NA NA NA NA NA NA NA NA NA NA NA NA NA NA NA NA NA NA NA NA NA NA NA NA 
NA -10.5 -10.25 -10.1875 -10.0625 -10 -10 -10 -10 -10 -9.875 -9.625 -9.5625 -9.4375 -9.25 -9.0625 -9 -9 -9 -9 -9 -9 -9 -9 -9 -9 -9 -9 -9 -9 -9 -9 -9 -9 -9 -9 -9 -9 -9 -9 -9 -9 -9 -9 -9 -9 -8.75 -8.75 -8.6875 -8.5625 -8.5 -8.5 -8.5 -8.5 -8.5 NA NA NA NA NA NA NA NA NA NA NA NA NA NA NA NA NA NA NA NA NA NA NA NA NA NA NA NA NA NA NA NA NA NA NA NA NA NA NA NA NA NA NA NA NA NA NA NA NA NA NA NA NA NA NA NA NA NA NA NA NA NA NA NA NA NA NA NA NA NA 
NA NA -10 -10 -10 -10 -10 -9.75 -9.6875 -9.5 -9.25 -9 -9 -9 -9 -9 -9 -8.75 -8.6875 -8.5 -8.5 -8.5 -8.5 -9 -8.75 -8.6875 -8.5 -8.5 -8.5 -8.5 -8.5 -8.5 -8.25 -8.25 -8.25 -8.25 -8.5 -8.25 -8.25 -8.25 -8.25 -8.0625 -8 -8 -8 -8 -8 -8 -8 -8 -8 -8 -8 -8 -8 -8 NA NA NA -7.636364 NA NA NA NA NA NA NA NA NA NA NA NA NA NA NA NA NA NA NA NA NA NA NA NA NA NA NA NA NA NA NA NA NA NA NA NA NA NA NA NA NA NA NA NA NA NA NA NA NA NA NA NA NA NA NA NA NA NA NA NA NA NA NA NA NA 
NA NA -9.333333 -9.25 -9.1875 -9 -9 -9 -9 -9 -8.875 -8.625 -8.5 -8.375 -8.3125 -8.25 -8.0625 -8 -8 -8 -8 -8 -8 -8.125 -8 -8 -8 -8 -8 -8 -8 -8 -8 -8 -8 -8 -8 -8 -8 -8 -7.9375 -7.75 -7.75 -7.75 -7.5 -7.5 -7.5 -7.5 -7.25 -7.25 -7.1875 -7.125 -7 -7 -7 -7 -7 -7 -7 -7 NA NA NA NA NA NA NA NA NA NA NA NA NA NA NA NA NA NA NA NA NA NA NA NA NA NA NA NA NA NA NA NA NA NA NA NA NA NA NA NA NA NA NA NA NA NA NA NA NA NA NA NA NA NA NA NA NA NA NA NA NA NA NA NA NA 
NA NA NA -9 -9 -8.875 -8.75 -8.625 -8.5 -8.4375 -8.125 -8 -8 -8 -8 -8 -8 -8 -7.6875 -7.5 -7.3125 -7.25 -7.25 -7.75 -7.75 -7.75 -7.625 -7.5 -7.3125 -7.25 -7.25 -7.1875 -7 -7 -7 -7.125 -7.125 -7 -7 -7 -7 -7 -7 -7 -7 -7 -7 -7 -7 -6.8125 -6.75 -6.75 -6.75 -6.75 -6.6875 -6.5 -6.5 -6.5 -6.5 -6.375 NA NA NA NA NA NA NA NA NA NA NA NA NA NA NA NA NA NA NA NA NA NA NA NA NA NA NA NA NA NA NA NA NA NA NA NA NA NA NA NA NA NA NA NA NA NA NA NA NA NA NA NA NA NA NA NA NA NA NA NA NA NA NA NA NA 
NA NA NA NA -8.090909 -8 -8 -8 -8 -8 -7.875 -7.5625 -7.5 -7.25 -7.25 -7 -7 -7 -7 -7 -7 -7 -7 -7 -7 -7 -7 -7 -7 -7 -7 -7 -6.9375 -6.75 -6.75 -6.875 -6.8125 -6.75 -6.75 -6.5625 -6.5 -6.5 -6.3125 -6.25 -6.25 -6.25 -6.125 -6 -6 -6 -6 -6 -6 -6 -6 -6 -6 -6 -6 -6 NA NA NA NA NA NA NA NA NA NA NA NA NA NA NA NA NA NA NA NA NA NA NA NA NA NA NA NA NA NA NA NA NA NA NA NA NA NA NA NA NA NA NA NA NA NA NA NA NA NA NA NA NA NA NA NA NA NA NA NA NA NA NA NA NA 
NA NA NA NA -7.933333 -7.75 -7.75 -7.5 -7.3125 -7.25 -7.125 -7 -7 -7 -7 -7 -6.75 -6.75 -6.5 -6.5 -6.5 -6.1875 -6 -6.5 -6.5 -6.5 -6.4375 -6.25 -6.25 -6.125 -6 -6 -6 -6 -6 -6 -6 -6 -6 -6 -6 -6 -6 -6 -5.875 -5.75 -5.75 -5.75 -5.5 -5.5 -5.5 -5.4375 -5.25 -5.25 -5.25 -5 -5.25 -5 -5 NA NA NA NA NA NA NA NA NA NA NA NA NA NA NA NA NA NA NA NA NA NA NA NA NA NA NA NA NA NA NA NA NA NA NA NA NA NA NA NA NA NA NA NA NA NA NA NA NA NA NA NA NA NA NA NA NA NA NA NA NA NA NA NA NA NA 
NA NA NA -7 -7 -7 -7 -7 -7 -7 -6.875 -6.5 -6.3125 -6.25 -6.0625 -6 -6 -6 -6 -6 -6 -6 -6 -6 -6 -6 -6 -6 -6 -6 -5.75 -5.75 -5.75 -5.5625 -5.5 -5.5625 -5.5 -5.5 -5.5 -5.3125 -5.25 -5.25 -5.0625 -5 -5 -5 -5 -5 -5 -5 -5 -5 -5 -5 -4.75 -4.75 -4.75 -4.625 -4.777778 NA NA NA NA NA NA NA NA NA NA NA NA NA NA NA NA NA NA NA NA NA NA NA NA NA NA NA NA NA NA NA NA NA NA NA NA NA NA NA NA NA NA NA NA NA NA NA NA NA NA NA NA NA NA NA NA NA NA NA NA NA NA NA NA NA NA 
NA NA -6.818182 -6.75 -6.75 -6.5 -6.4375 -6.25 -6.25 -6 -6 -6 -6 -6 -5.9375 -5.75 -5.6875 -5.5 -5.5 -5.25 -5.25 -5.0625 -5 -5.3125 -5.375 -5.25 -5.125 -5 -5 -5 -5 -5 -5 -5 -5 -5 -5 -5 -5 -5 -4.875 -4.75 -4.75 -4.5 -4.5 -4.5 -4.3125 -4.25 -4.25 -4.0625 -4 -4 -4 -4 -4 -4 -4 -4 -4 -4 NA NA NA NA NA NA NA NA NA NA NA NA NA NA NA NA NA NA NA NA NA NA NA NA NA NA NA NA NA NA NA NA NA NA NA NA NA NA NA NA NA NA NA NA NA NA NA NA NA NA NA NA NA NA NA NA NA NA NA NA NA NA NA NA NA 
NA NA NA -6 -6 NA NA -6 -5.875 -5.75 -5.5 -5.5 -5.1875 -5 -5 -5 -5 -5 -5 -5 -5 -5 -4.75 -5 -5 -5 -5 -4.875 -4.75 -4.75 -4.6875 -4.5 -4.5 -4.375 -4.25 -4.25 -4.4375 -4.25 -4.0625 -4 -4 -4 -4 -4 -4 -4 -4 -4 -3.75 -3.75 -3.75 -3.5625 -3.5 -3.5 -3.5 -3.375 -3.25 -3.25 -3.25 -3.25 NA NA NA NA NA NA NA NA NA NA NA NA NA NA NA NA NA NA NA NA NA NA NA NA NA NA NA NA NA NA NA NA NA NA NA NA NA NA NA NA NA NA NA NA NA NA NA NA NA NA NA NA NA NA NA NA NA NA NA NA NA NA NA NA NA 
NA NA NA NA NA NA NA NA -5 -5 -5 -5 -5 -4.75 -4.75 -4.5 -4.5 -4.25 -4.25 -4.125 -4 -4 -4 -4.1875 -4 -4 -4 -4 -4 -4 -4 -4 -4 -4 -4 -4 -4 -3.9375 -3.75 -3.75 -3.5625 -3.4375 -3.3125 -3.25 -3.1875 -3 -3 -3 -3 -3 -3 -3 -3 -3 -3 -3 -3 -2.875 -2.8 NA NA NA NA NA NA NA NA NA NA NA NA NA NA NA NA NA NA NA NA NA NA NA NA NA NA NA NA NA NA NA NA NA NA NA NA NA NA NA NA NA NA NA NA NA NA NA NA NA NA NA NA NA NA NA NA NA NA NA NA NA NA NA NA NA NA 
NA NA NA NA NA -4.75 -4.642857 -4.384615 -4.5 -4.25 -4.25 -4.125 -4 -4 -4 -4 -4 -4 -4 -3.8125 -3.75 -3.75 -3.5625 -3.875 -3.75 -3.75 -3.75 -3.6875 -3.5 -3.5 -3.5 -3.25 -3.25 -3.125 -3 -3 -3 -3 -3 -3 -3 -3 -3 -2.8125 -2.75 -2.75 -2.5 -2.5 -2.5 -2.25 -2.25 -2.25 -2.125 -2 -2 -2 -2 -2 -2 -2 -2.2 NA NA NA NA NA NA NA NA NA NA NA NA NA NA NA NA NA NA NA NA NA NA NA NA NA NA NA NA NA NA NA NA NA NA NA NA NA NA NA NA NA NA NA NA NA NA NA NA NA NA NA NA NA NA NA NA NA NA NA NA NA NA NA NA 
NA NA NA NA NA -4 -4 -4 -4 -3.9375 -3.75 -3.75 -3.75 -3.5 -3.375 -3.25 -3.25 -3 -3 -3 -3 -3 -3 -3 -3 -3 -3 -3 -3 -3 -3 -3 -3 -2.9375 -2.75 -2.75 -2.6875 -2.5 -2.4375 -2.25 -2.25 -2.0625 -2 -2 -2 -2 -2 -2 -2 -2 -1.8125 -1.75 -1.75 -1.75 -1.625 -1.5 -1.5 -1.5 -1.5 -1.5 -1.75 -2 NA NA NA NA NA NA NA NA NA NA NA NA NA NA NA NA NA NA NA NA NA NA NA NA NA NA NA NA NA NA NA NA NA NA NA NA NA NA NA NA NA NA NA NA NA NA NA NA NA NA NA NA NA NA NA NA NA NA NA NA NA NA NA 
NA NA NA NA NA NA -3.25 -2.8125 -2.75 -2.625 -2.75 -3 -3 -3 -3 -3 -3 -3 -3 -3 -3 -3 -3 -3 -3 -3 -3 -3 -3 -3 -3 -2.9375 -2.5 -2.5 -2.375 -2.25 -2.1875 -2 -2 -2 -2 -2 -2 -2 -2 -2 -2 -1.8125 -1.25 -1.125 -1.25 -1.25 -1.25 -1.25 -1.25 -1.25 -1.25 -1.25 -1.3125 -1.5 -1.3125 -1.5 -1.384615 NA NA NA NA NA NA NA NA NA NA NA NA NA NA NA NA NA NA NA NA NA NA NA NA NA NA NA NA NA NA NA NA NA NA NA NA NA NA NA NA NA NA NA NA NA NA NA NA NA NA NA NA NA NA NA NA NA NA NA NA NA NA 
NA NA NA NA NA -2.2 -2 -2 -2 -2 -2.25 -2.5 -2.5 -2.4375 -2.25 -2.25 -2.25 -2.0625 -2 -2 -2 -2 -2 -2.1875 -2.125 -2 -2 -2 -2 -2 -2 -2 -2 -2 -2 -2 -2 -2 -1.75 -1.75 -1.5625 -1.5 -1.5 -1.3125 -1.1875 -1 -1 -1 -1 -1 -1 -1 -1 -1 -1 -1 -1 -1 -1 -1 -1 -1 -1 -1 NA NA NA NA NA NA NA NA NA NA NA NA NA NA NA NA NA NA NA NA NA NA NA NA NA NA NA NA NA NA NA NA NA NA NA NA NA NA NA NA NA NA NA NA NA NA NA NA NA NA NA NA NA NA NA NA NA NA NA NA NA 
NA NA NA NA NA NA -2 -2 -1.307692 -1.25 -1.5 -2 -2 -1.8125 -1.75 -1.75 -1.75 -1.75 -1.625 -1.5 -1.5 -1.5 -1.5 -1.75 -1.75 -1.75 -1.75 -1.75 -1.75 -1.75 -1.75 -1.625 -1.5 -1.375 -1.25 -1.125 -1 -1 -1 -1 -1 -1 -1 -1 -0.75 -0.6875 -0.5 -0.5 0 0 0 0 0 0 0 -0.1875 -0.1875 -0.25 -0.25 -0.25 -0.125 -0.0625 -0.25 -0.25 -0.25 -0.125 NA NA NA NA NA NA NA NA NA NA NA NA NA NA NA NA NA NA NA NA NA NA NA NA NA NA NA NA NA NA NA NA NA NA NA NA NA NA NA NA NA NA NA NA NA NA NA NA NA NA NA NA NA NA NA NA NA NA NA 
NA NA NA NA NA NA NA NA NA -0.8125 -0.75 -1 -1 -1 -1 -1 -1 -1 -1 -1 -1 -1 -1 -1 -1 -1 -1 -1 -1 -1 -1 -1 -1 -1 -0.875 -0.75 -0.5625 -0.5 -0.375 -0.25 -0.3125 -0.0625 0 0 0 0 0 0 0.25 0.5 0.5 0.5 0.5 0.4375 0.25 0.25 0.25 0.25 0.25 0.1875 0.125 0.25 0.25 0.0625 0 0 0 0 NA NA 0 NA NA NA NA NA NA NA NA NA NA NA NA NA NA NA NA NA NA NA NA NA NA NA NA NA NA NA NA NA NA NA NA NA NA NA NA NA NA NA NA NA NA NA NA NA NA NA NA NA NA NA NA NA NA 
NA NA NA NA NA NA NA NA NA NA -0.5555556 -0.6428571 -0.5 -0.25 -0.25 -0.25 -0.25 -0.25 -0.0625 0 0 0 0 -0.25 -0.25 -0.25 -0.25 -0.25 -0.25 -0.25 -0.25 -0.125 0 0 0 0 0 0 0 0 0.1875 0.5 0.5 0.25 0.5 0.75 0.75 0.75 1 1 1 1 1 1 1 1 1 1 1 1 1 1 1 1 1 1 0.75 0.75 0.625 0.5 0.4375 0.3333333 NA NA NA NA NA NA NA NA NA NA NA NA NA NA NA NA NA NA NA NA NA NA NA NA NA NA NA NA NA NA NA NA NA NA NA NA NA NA NA NA NA NA NA NA NA NA NA NA NA NA NA NA NA 
NA NA NA NA NA NA NA NA NA NA NA NA NA 0 0 0 0 0 0 0.125 0.0625 0 0.1875 0 0 0 0.125 0.1875 0.25 0 0 0 0 0.4375 0.6875 0.75 0.9375 1 1 0.9375 0.9375 1 1 1 1 1.125 1.25 1.3125 1.8125 1.875 1.75 1.75 1.75 1.75 1.75 1.75 1.625 1.5 1.5 1.5 1.625 1.625 1.5 1.5 1.3125 1.25 1.0625 1 1 1 1 1 1 NA 1 NA NA NA NA NA NA NA NA NA NA NA NA NA NA NA NA NA NA NA NA NA NA NA NA NA NA NA NA NA NA NA NA NA NA NA NA NA NA NA NA NA NA NA NA NA NA NA NA NA NA 
NA NA NA NA NA NA NA NA NA NA NA NA NA NA NA NA NA NA NA 1 1 1 1 0.5 0.625 0.5625 0.375 0.6875 0.625 0.5 0.6875 1 0.9375 1 1 1.125 1.375 1.5 1.5 1.5625 1.75 1.6875 1.5 1.75 1.875 1.9375 2 2 2.25 2.1875 2 2.1875 2.25 2.1875 2.0625 2 2 2 2 2 2 2 2 2 2 2 2 2 1.9375 1.75 1.625 1.5 1.3125 1.6875 1.25 1.25 1.25 1 1 NA NA NA NA NA NA NA NA NA NA NA NA NA NA NA NA NA NA NA NA NA NA NA NA NA NA NA NA NA NA NA NA NA NA NA NA NA NA NA NA NA NA NA NA NA NA 
NA NA NA NA NA NA NA NA NA NA NA 1.857143 1.909091 2 1.733333 1.833333 2 NA 1.727273 1.6875 1.6875 1.6875 1.5 1.375 1.25 1.5 1.5625 1.3125 1.5 1.5 1.4375 1.4375 1.5625 1.4375 1.4375 1.5 2 2 2 2 2 2.125 2 2.3125 2.5 2.6875 2.75 2.75 3 3 3 3 3 3 3 2.9375 3 3 2.8125 2.75 2.6875 2.6875 2.75 2.6875 2.625 2.5 2.4375 2.25 2.125 2 2 2 2 2 2 2 1.875 1.75 1.5625 1.9375 2 NA NA NA NA NA NA NA NA NA NA NA NA NA NA NA NA NA NA NA NA NA NA NA NA NA NA NA NA NA NA NA NA NA NA NA NA NA NA NA NA NA NA NA NA 
NA NA NA NA NA NA NA NA 3 NA 2.5 2 2 2 2.1875 2.0625 2 2 2 2 2.125 2.25 2.25 2.125 2.25 2.25 2.3125 2.25 2.0625 2.0625 2.3125 2.1875 2.1875 2.375 2.625 2.6875 2.5625 2.5625 2.875 2.8125 2.75 2.9375 2.875 2.9375 3 3 3.25 3.25 3.5 3.5 3.6875 3.5 3.5625 3.5 3.375 3.375 3.5 3.4375 3.5 3.3125 3.375 3.1875 3 3 3 3 3 3 3 3 2.8125 2.6875 2.5 2.6875 2.25 2.125 1.9375 1.9375 2 2 2 NA NA NA NA NA NA NA NA NA NA NA NA NA NA NA NA NA NA NA NA NA NA NA NA NA NA NA NA NA NA NA NA NA NA NA NA NA NA NA NA NA NA NA NA 
NA NA NA NA NA NA NA NA 3.428571 3.5 3.25 3 3 2.9375 3 2.9375 3 2.875 2.9375 2.875 2.75 2.8125 2.9375 2.5 2.5 2.5 2.5625 2.9375 2.875 2.875 3 3 3 3 3 3.125 3.25 3.375 3.5 3.5 3.5625 3.75 3.75 3.75 3.6875 4 4 4 4 4 4 4 4 4 4 4 4 4 4 4 4 4 3.875 3.625 3.875 3.75 3.5625 3.5 3.25 3.0625 3 3 3 3 2.9375 3 2.8125 2.875 2.75 2.923077 NA NA NA NA NA NA NA NA NA NA NA NA NA NA NA NA NA NA NA NA NA NA NA NA NA NA NA NA NA NA NA NA NA NA NA NA NA NA NA NA NA NA NA NA NA 
NA NA NA NA NA NA NA NA NA 4.0625 4 3.75 3.75 3.75 3.75 3.5625 3.75 3.75 3.75 3.75 3.5625 3.5625 3.5625 3.25 3.25 3.25 3.375 3.375 3.5 3.5625 3.6875 3.75 3.8125 4 4 4 4 4 4 4 4 4.25 4.25 4.375 4.5 4.3125 4.5 4.75 5 5 5 5 5 5 4.8125 4.6875 4.5 4.5 4.5625 4.5 4.625 4.6875 4.4375 4.1875 4 4 4 4 4 4 4 3.75 3.5 4 3.875 3.6875 3.375 3.1875 3 NA NA NA NA NA NA NA NA NA NA NA NA NA NA NA NA NA NA NA NA NA NA NA NA NA NA NA NA NA NA NA NA NA NA NA NA NA NA NA NA NA NA NA NA NA NA 
NA NA NA NA NA NA NA NA 5 5 4.625 4.25 4.25 4.25 4.25 4.25 4.25 4.25 4.25 4.25 4.25 4.25 4.25 4 4 4 4 4 4 4.0625 4.25 4.25 4.25 4.25 4.5 4.5625 4.75 4.75 4.75 4.9375 5 5 5 5 5 5 5 5.125 5.375 5.5 5.5 5.375 5.25 5.25 5.25 5.0625 5 5 5 5 5 5 5 5 4.875 4.625 4.3125 4.25 4.0625 4 4 4 4 4 4 4 4 3.785714 3.363636 NA NA NA NA NA NA NA NA NA NA NA NA NA NA NA NA NA NA NA NA NA NA NA NA NA NA NA NA NA NA NA NA NA NA NA NA NA NA NA NA NA NA NA NA NA NA 
NA NA NA NA NA NA NA NA 5.777778 5.75 5.5 5.25 5.25 5.25 5.25 5.25 5.25 5.25 5.25 5.25 5.25 5.25 5.25 5 5 5 5 5 5 5 5 5 5 5 5.125 5.125 5 5 5 5.0625 5.25 5.3125 5.75 5.75 5.8125 5.75 5.8125 6 6 6 6 6 6 6 6 6 5.875 5.75 5.625 5.5 5.8125 5.9375 5.75 5.5 5.25 5.25 5.25 5.25 5.25 5.25 5.0625 4.6875 4.5 5.1875 4.875 4.5 4.363636 NA NA NA NA NA NA NA NA NA NA NA NA NA NA NA NA NA NA NA NA NA NA NA NA NA NA NA NA NA NA NA NA NA NA NA NA NA NA NA NA NA NA NA NA NA NA NA NA 
NA NA NA NA NA NA NA NA 6.2 NA 6.25 6 6 6 6 6 6 6 6 6 6 6 6 5.5625 5.6875 5.6875 5.75 5.75 5.75 5.75 5.75 5.75 5.8125 6 6 5.75 5.5 5.5625 5.75 5.75 6 6 6 6 6 6 6 6 6.75 6.75 6.75 6.875 7 7 6.8125 6.75 6.75 6.75 6.75 6.5625 6.625 7 7 6.6875 6.5625 6.5 6.375 6.1875 6 6 6 5.9375 5.75 6 6 5.6875 5.5625 5.538462 NA NA NA NA NA NA NA NA NA NA NA NA NA NA NA NA NA NA NA NA NA NA NA NA NA NA NA NA NA NA NA NA NA NA NA NA NA NA NA NA NA NA NA NA NA NA NA 
NA NA NA NA NA NA NA NA NA 7 7 7 7 6.8125 7 6.9375 7 6.9375 6.8125 6.8125 6.75 6.75 7 6 6 6 6 6.125 6.25 6.25 6.25 6.4375 6.5 6.5 6.625 6.375 6 6 6 6.125 6.25 6.3125 6.5 6.5 6.5 6.6875 7 7 7.25 7.25 7.25 7.25 7.25 7.25 7.25 7.25 7.25 7 7 7 7.125 7.0625 7 7 7 7 7 7 6.875 6.625 6.5625 6.3125 6 6 6 6 6 6 6 6 6 NA NA NA NA NA NA NA NA NA NA NA NA NA NA NA NA NA NA NA NA NA NA NA NA NA NA NA NA NA NA NA NA NA NA NA NA NA NA NA NA NA NA NA NA 
NA NA NA NA NA 8 8 NA 8 8 NA NA 7.2 NA 7 7.428571 7.3125 7.25 7.25 7.25 7.25 7.25 7.25 7 7 7 7 7 7 7 7 7 7 7 7 6.875 6.875 7 7 7 7 7 7 7 7 7 7.125 7.375 8 8 8 8 8 8 8 8 8 8 7.9375 8 8 8 7.75 7.5625 7.625 7.5 7.5 7.25 7.1875 7 7 6.9375 6.125 6.9375 6.8125 6.9375 6.625 6.25 6.125 6 6 6 NA NA NA NA NA NA NA NA NA NA NA NA NA NA NA NA NA NA NA NA NA NA NA NA NA NA NA NA NA NA NA NA NA NA NA NA NA NA NA NA NA NA NA 
NA NA NA NA NA NA 8.75 8.714286 NA NA NA NA NA NA NA NA 8 8 8 8 8 8 8 7.5 7.5 7.5 7.5 7.5 7.5 7.5625 7.75 7.75 7.75 7.9375 8 7.5 7 7.1875 7.25 7.5 7.5 7.5625 7.75 7.8125 7.9375 8 8 8 8.75 8.75 8.75 8.75 8.75 8.6875 8.5 8.5 8.5 8.4375 8.25 8.1875 8.125 8 8 8 8 8 8 8 8 7.6875 7.375 7 7 7.0625 7 7 7 7 7 6.9 NA NA NA NA NA NA NA NA NA NA NA NA NA NA NA NA NA NA NA NA NA NA NA NA NA NA NA NA NA NA NA NA NA NA NA NA NA NA NA NA NA NA NA NA NA 
NA NA NA NA NA NA NA NA NA NA NA NA NA NA NA NA 8.75 8.75 8.6875 8.5 8.5 8.5 8.5 8 8 8 8 8 8 8 8 8 8 8.125 8.25 8.25 8 8 8 8 8 8 8 8 8.125 8.25 8.5625 8.5625 9.125 9 9 9 9 9 9 9 9 9 9 9 9 9 9 8.8125 8.6875 8.4375 8.0625 8 8 8 8 8 7.8125 8 7.875 7.875 NA NA NA NA NA NA NA NA NA NA NA NA NA NA NA NA NA NA NA NA NA NA NA NA NA NA NA NA NA NA NA NA NA NA NA NA NA NA NA NA NA NA NA NA NA NA NA NA NA 
NA NA NA NA NA NA NA NA NA NA NA NA NA NA NA 9.266666 9 9 9 9 9 9 9 8.75 8.75 8.75 8.75 8.75 8.75 9 8.9375 9 8.9375 9 9 8.625 8.25 8.25 8.25 8.5 8.5 8.75 8.75 9 9 9 9 9 10 9.875 9.6875 9.5625 9.6875 9.125 9.5625 9.6875 9.5 9.5 9.5 9.375 9.25 9.1875 9 9 9 9 9 8.75 8.625 8.375 8 8 8 8.25 8.1875 8 7.714286 NA NA NA NA NA NA NA NA NA NA NA NA NA NA NA NA NA NA NA NA NA NA NA NA NA NA NA NA NA NA NA NA NA NA NA NA NA NA NA NA NA NA NA NA NA NA NA NA 
NA NA NA NA NA NA NA NA NA NA NA NA NA NA NA 10 10 10 10 9.8125 9.75 9.75 9.75 9 9 9 9 9 9 9 9 9 9.125 9.25 9.25 9.25 9 9 9 9 9 9 9 9 9.125 9.25 9.4375 9.125 10 10 10 10 10 9.875 9.9375 10 10 10 10 10 10 10 10 9.9375 9.6875 9.3125 9 9 9 9 9 9 8.875 9 8.6875 8.375 8.125 8 8 8 8 8 NA NA NA NA NA NA NA NA NA NA NA NA NA NA NA NA NA NA NA NA NA NA NA NA NA NA NA NA NA NA NA NA NA NA NA NA NA NA NA NA NA NA NA 
NA NA NA NA NA NA NA NA NA NA NA NA NA NA NA 10.46667 10.25 10.25 10.0625 10 10 10 10 10 9.9375 10 9.8125 9.75 9.75 9.9375 10 10 10 10 10 9.5 9 9 9.0625 9.125 9.25 9.5 9.5625 9.875 10 10 10 9.6875 10.4375 10.625 10.8125 10.4375 10.125 10 10.125 10.0625 10.25 10.375 10.25 10 10 10 10 10 10 10 10 10 9.6875 9.5 9.125 9 9 9 9 9 8.6875 8 8.5625 8.0625 8 8.0625 8.125 8 NA NA NA NA NA NA NA NA NA NA NA NA NA NA NA NA NA NA NA NA NA NA NA NA NA NA NA NA NA NA NA NA NA NA NA NA NA NA NA NA NA 
NA NA NA NA NA NA NA NA NA NA NA NA NA NA NA 11 11 11 11 11 11 10.75 10.75 10 10 10 10 10 10 10 10 10 10 10.1875 10.375 10.25 10 10 10 10 10 10 10 10 10 10 10 10 11 11 10.9375 10.5625 11 10.9375 10.6875 10.8125 10.4375 11 11 11 11 11 10.75 10.5625 10.375 10.25 10 10 10 10 9.875 9.625 9.25 10 9.9375 9.6875 9.3125 9.125 8.8125 8.9375 8.6875 8.6875 9 8.571428 NA NA NA NA NA NA NA NA NA NA NA NA NA NA NA NA NA NA NA NA NA NA NA NA 5.444445 5.181818 NA NA NA NA NA NA NA NA NA NA NA NA NA NA NA 
NA NA NA NA NA NA NA NA NA NA NA NA NA NA 11.5625 11 11 11 11 11 11 11 11 10.75 10.8125 10.9375 10.875 10.75 10.5 10.5 10.75 10.6875 10.5625 10.875 11 10.5 10 10 10 10 10 10 10 10 10 10.1875 10.5625 10.6875 11.375 11.0625 11 11 11 11 11.125 11 11 11 11 11 11 11 11 11 11 11 11 10.75 10.5625 10.375 10.0625 10 10 10.25 10 10 10 10 9.8125 9.5 9 9 9 8.933333 NA NA NA NA NA NA NA NA NA NA NA NA NA NA NA NA NA NA NA NA NA NA 6.5 6.153846 6.5625 6.5 5.8 NA NA NA NA NA NA NA NA NA NA NA NA NA NA 
NA NA NA NA NA NA NA NA NA NA NA NA NA 12 12 11.5 11.4375 11.125 11.3125 11.0625 11 11.5625 11.3125 11 11 11 11 11 11 11 11 11 11.0625 11 11.0625 10.875 10.5 10.5 10.5625 10.75 10.875 10.6875 10.25 10.375 10.6875 10.75 11 11 12 11.8125 11.625 11.625 11.5 11.625 11.75 11.625 11.0625 11.625 11.5625 11.25 11.25 11.5 11.25 11 11 11 11 11 11 11 10.9375 10.5 10.25 11 10.9375 10.5625 11 10.4375 10 10 9.5625 9.75 9.75 9.125 9 9.1875 9.125 8.733334 8.1875 8.4 8.2 8.25 8.2 7.875 NA NA NA NA NA NA NA NA NA NA 7.444445 7.75 7.9375 7.75 7.8125 7.875 7.3125 7.25 7.25 NA NA NA NA NA NA NA NA NA NA NA NA 
NA NA NA NA NA NA NA NA NA NA NA NA 12.76923 12.75 12.3125 12 12 12 12.0625 11.875 11.875 11.5625 12 11.75 11.5 11.3125 11.5625 11.375 11.4375 11.375 11.5 11.8125 12 11.625 11.875 11.5 11 11 11 11 11 11 11 11 11 11 11 11 12 12 12.0625 12 12 12 12 12 12 12 12 12 12 12 12 11.6875 11.3125 11.6875 11.6875 11.5 11.25 11.125 11 11 10.875 11 11 11 11 11 10.5 10.6875 10.0625 10 9.9375 9.8125 9.4375 9.9375 9.6875 9.8125 9.8125 9.625 9 9.0625 8.5625 8.9375 8.25 8.181818 NA NA NA NA NA NA NA NA 8.5625 8.5625 9 8.375 8.25 8 7.8125 8.5 8.375 8 8 8 NA NA NA NA NA NA NA NA NA 
NA NA NA NA NA NA NA NA NA NA NA 13 13 13 12.375 12.0625 12.125 11.9375 11.8125 11.9375 11.8125 11.9375 12 12 12 12 12 12 12 12 12 12 12 12 12.125 12 11.75 11.75 11.75 11.75 11.75 12 11.75 11.75 12 12.0625 11.9375 11.75 12 12.25 12.875 12.125 12 12 12 12 12 12 12 12 11.9375 11.75 11.5 11.5 11.375 11.3125 11.375 11.25 11.25 11.25 11.1875 10.6875 10.6875 11.125 11.25 11.0625 11 11 11 11 10.3125 10 10 10 10.0625 9.875 10.3125 10.375 10.3125 10.3125 10.6875 10.375 9.875 9.9375 9.6875 9.1875 NA NA NA NA NA NA NA 8.866667 9.625 9.6875 9.75 9.125 9 8.75 8.8125 9 9 8.9375 8.8125 9 8.625 8.333333 NA NA NA NA NA NA NA 
NA NA NA NA NA NA NA NA NA NA NA 13 13 13 12.875 12.3125 12 12 12.0625 12 12 12 12 12.125 12.4375 12.25 12.3125 12.375 12.375 12.4375 12.6875 12.5 12.8125 12.875 13 12.875 12.8125 12.9375 12.75 12.6875 12.875 13 12.8125 12.75 13 12.9375 12.9375 12.875 12.875 13 13 13 12.25 12.0625 12.3125 12.375 12.125 12.0625 12.4375 12.5625 12.3125 12 12 12 11.875 11.9375 12 11.875 11.75 11.5 11.3125 11 11 11.4375 11.8125 11.75 11.5 11.5 11.1875 11.25 11.1875 10.6875 10.125 10 10 9.875 10.8125 10.9375 10.5 10.875 10.875 10.6875 11 10.75 10.625 9.5625 9.230769 NA NA NA NA NA 9.357142 10.1875 10.6875 10.4375 10 10 9.9375 9.1875 9.25 9.25 9.181818 NA NA 9 9 9 NA NA NA NA NA NA NA 
NA NA NA NA NA NA NA NA NA 13.91667 13.3125 12.875 13 13 13 13 12.8125 12.125 12.375 12.4375 12.0625 12.0625 12.5 12.9375 13 13 13 13 13 13 13 13 13 13 13 13 13 13 13 13 13 13 13 13 13 13 13 13 13 13 13 13 12.875 12.75 12.4375 12.375 12.875 12.875 13 13 12.875 12.375 12.375 12.125 12 12 12 12 12 12 12 11.5 11.375 12.0625 12 12 12 11.75 11.4375 11.8125 12 11.625 11.4375 10.6875 10.25 10.75 11.0625 11.1875 11.1875 11.1875 11.1875 11.5 11.625 11.4375 10.6875 10.4375 10.375 9.384615 NA NA NA 9.5 10.375 11.375 11.25 11.125 10.25 10.0625 10 10 10.1875 10.1875 NA NA NA NA NA NA NA NA NA NA NA NA NA 
NA NA NA NA NA NA NA NA NA NA 13.5625 13.5625 13.1875 13.1875 13 13.125 13 13 12.4375 12.5625 12.8125 13 12.875 13 13 13 13 12.9375 12.875 13 13 13.125 13.1875 13.25 13.25 13.1875 13 13 13.0625 13.25 13.0625 13.1875 13 13 13.125 13 13.25 13.375 13.4375 13.4375 13.625 13.0625 13.375 12.875 13 13 13 13 13 13 13 13 13 12.9375 12.8125 12.6875 12.1875 12.375 12.5 12.25 12 11.9375 12 12.4375 12.0625 12.125 12.1875 12.25 12.1875 11.875 12 12 12 11.375 11.125 11.1875 11.9375 12 11.25 11.5 11.3125 11.9375 12 11.9375 11.8125 11.625 11.0625 10.6875 10.6 10.5 10.44444 10.6875 11.75 12 12 11.9375 11.625 11 10.6875 10.5 11 NA NA NA NA NA NA NA NA NA NA NA NA NA NA 
NA NA NA NA NA NA NA NA NA NA 13.5 13 13.375 13.875 13.5625 13.6875 13.4375 13.375 13 13 13 13 13 13.4375 13 13 13.5 13.5 13.5 13.5 13.75 13.875 14 14 14 13.9375 13.5 13.625 13.9375 14 13.875 14 13.8125 13.8125 13.75 13.25 13.6875 14 13.8125 14 14 13.75 13.3125 13.1875 13.3125 13.375 13 13.625 13.625 13.5 13.1875 13 13 13 13 13 12.9375 12.9375 13 13 13 12.3125 12.1875 13 12.875 13 13 13 13 12.375 12.1875 12 12.25 12.4375 11.875 12 12.1875 12 12.1875 12.125 12.1875 11.6875 12.5 12.5625 12.75 12.4375 12.1875 11.375 11.6875 11.375 11.1875 11.625 12.5625 12.125 12 12.4375 12 11.8125 11.3125 11.18182 NA NA NA NA NA NA NA NA NA NA NA NA NA NA NA 
NA NA NA NA NA NA NA NA NA 14 13.625 13.25 13.5 13.9375 13.9375 13.875 13.875 13.5625 13.125 13 13 13 13 14 13.75 13.6875 14 14 14 14 14 14 14 14 14 14 14 14 14 14 14 14 14 14 14 13.9375 14 14 14 14 14 14 13.9375 14 14 14 14 14 14 14 13.75 13.75 13.8125 13.375 13.375 13.8125 13.1875 13 13 13 13 12.8125 12.9375 13 13.0625 13.0625 13 13 13 12.9375 13 12.9375 13 13 12.8125 12.9375 12.9375 12.625 12.8125 12.6875 12.875 12.0625 12.625 12.5 13 12.8125 13 12.75 12.8125 12.5625 11.875 12.3125 13.1875 13 12.9375 12.625 12.5 12.375 12.1875 12 NA NA NA NA NA NA NA NA NA NA NA NA NA NA NA 
NA NA NA NA NA NA NA NA NA 14.125 14 13.625 14 14.5625 13.8125 13.625 13.6875 13.75 13.5 13.5 13.25 13.0625 13 14 14 14 14.375 14.5625 14.5625 14.625 14.375 14.375 14.5 14.4375 14.5 14.5 14.5 14.125 14.0625 14.25 14.25 14 14.0625 14.1875 14.1875 14.4375 14 14 14 14.125 14.25 14 14 14 14 14 14 14.125 14 14 14 14 14 14 14 14 14 13.4375 13.9375 13.875 13.6875 13.1875 13 13.875 13.5 13.6875 13.5 13.125 13.1875 13.625 13 13.0625 13.0625 13.3125 13.1875 13.0625 13.125 13.4375 12.9375 13.5 13.75 13.375 12.875 13.4375 13.5625 13 13 13 13.6875 13.125 12.375 12.875 13.625 13.625 13.3125 13.5 13.125 13.25 13 12.875 12.92308 NA NA NA NA NA NA NA NA NA NA NA NA NA NA 
NA NA NA NA NA NA NA NA NA 14 13.875 13.625 14.0625 14.125 14.4375 14.3125 13.875 13.9375 14 14 13.875 13.375 13.5625 14 14 14 14.375 14.9375 14.375 14.625 15 15 15 15 14.8125 15 15 14.5625 14.5625 15 15 14.625 15 15 15 15 14.8125 14.375 14.0625 14.0625 14.4375 14.5625 14.375 14.5 14.6875 14.8125 15 14.9375 14.1875 14.5 14.5625 14.125 14 14 14 14 14 14 14 14 14 13.75 13.375 14 14 14 14 14 14 14 13.625 13.6875 14.0625 13.75 13.9375 14.1875 14.75 14.1875 13.875 13.8125 14 13.75 14 14 14.4375 13.9375 13.125 13 13.9375 14 13.125 13.375 14.1875 14.0625 14 14 14 14 13.9375 13.625 13.625 NA NA NA NA NA NA NA NA NA NA NA NA NA NA 
NA NA NA NA NA NA NA NA NA NA 13.78571 13.6875 13.75 13.6875 14 13.8125 14.3125 14.8125 14.375 13.875 14 13.6875 14 14.125 14.4375 14.5625 14.875 15 15 14.875 15 15 15 15 15 15 15 14.9375 15 15 15 15 15 15 15 15 15 15.125 15.1875 15 15 14.5625 14.6875 15 15 15 15 15 15 15 15 14.9375 14.375 14.9375 14.625 14.4375 14.375 14.1875 14.125 14.3125 14.125 14 14 15 14.4375 14.3125 14.3125 14.0625 14.1875 14 14 14.1875 13.875 13.9375 14.375 14.1875 15 14.75 15 15.0625 15.0625 14.6875 14.75 14.75 15 15.25 14.1875 13.125 14.125 14.125 14.375 14.625 15 15 14.75 14.75 14.8125 14.625 14.9375 14.375 14 14.5 NA NA NA NA NA NA NA NA NA NA NA NA NA 
NA NA NA NA NA NA NA NA NA NA NA NA 12.69231 13.54545 13 13.64286 13.9375 14.125 14.3125 14.875 14.375 14.25 14.1875 15 15.0625 15 15 15.0625 15 15.125 15 15 15 15 15.0625 15 15 15 15.125 15.125 16 15.875 15.25 15.0625 15.5 15.5 15.875 15.9375 15.4375 15.0625 15.5 15.75 15.5 15.125 15.0625 15 15.125 15.1875 15.25 15 15.0625 15 15 15 15 15 15 14.9375 14.875 15 15 14.5625 14.125 15 15 15 14.875 14.9375 15 14.4375 14.0625 14.0625 14 14 14.5625 14.5625 14.875 15 15 15.0625 15.25 15.75 15.4375 15.25 15.1875 15.4375 15.625 13.9375 15 15 15.125 15.4375 15 15.375 15.6875 15.5 15.5 15.5625 15 15 14.9375 15.0625 15.3125 15.5 15.5 15.53846 NA NA NA NA NA NA NA NA NA 
NA NA NA NA NA NA NA NA NA NA NA NA NA NA NA NA 13.875 14 14.5 14.125 14.375 14.8125 15.3125 15.9375 16.0625 15.1875 15.625 15.75 15.4375 15.6875 15.75 15.125 15.1875 15.4375 15.5625 15.75 15.75 15.3125 15.5 15.8125 16 16 16 15.9375 16 16 16 15.9375 15.9375 16 16 16 16 15.9375 16 15.8125 15.3125 15.375 15.4375 15.6875 15.5 15.375 15.125 15 15 15.0625 15 15 15 15 15 15 15 15.1875 15.125 15.25 15.125 15 15 15.125 15.125 14.5 14.375 14.0625 14.5625 15 15.0625 15.125 15.25 15.375 15.4375 16 16.1875 16.0625 15.875 15.9375 15.625 14.9375 16 15.9375 15.875 16.3125 15.8125 15.875 16.0625 16 16 16 15.8125 15.8125 15.1875 15.875 16 16 16 16.14286 NA NA NA NA NA NA NA NA NA 
NA NA NA NA NA NA NA NA NA NA NA NA NA NA NA NA 14.07692 14.0625 14.375 14.5 14.75 15.125 15.625 16.0625 16.75 16.1875 15.9375 15.8125 16.1875 16.375 16 15.75 16 16 16 16.125 16.0625 16.25 16.0625 16 16 16.0625 16 16 16.0625 16.0625 16.125 16.375 16 16.1875 16.4375 16.4375 16.1875 16.1875 16.3125 16 16 16 16 16 15.9375 16 15.875 15.6875 15.5625 15.4375 15.4375 15.5625 15.1875 15.75 15.25 15 15 15.8125 16 15.875 16 15.9375 15.6875 15.9375 16 15.5 15.0625 14.125 15 15.625 15.5625 15.375 15.5 15.75 16 16.25 16.5625 16.5625 16.8125 16.4375 16.5 15.25 16.3125 16.125 16.125 16.875 16.9375 16.4375 16.75 16.75 16.8125 16.875 16.8125 16.3125 15.9375 16.25 16.8125 17 17 NA NA NA NA NA NA NA NA NA NA 
NA NA NA NA NA NA NA NA NA NA NA NA NA NA NA NA NA 14.09091 14.6875 14.6875 15.625 16.0625 16.6875 17.375 17.4375 17.6875 16.5625 17.125 16.625 17.0625 16.4375 15.8125 16.8125 16.9375 16.3125 16.375 16.5625 16.5 16.625 16.5 16.1875 16.125 16.125 16.5625 16.0625 16.4375 16.4375 16.5625 16.5625 16.9375 16.9375 16.3125 16.375 16.1875 16.375 16.625 16 16.4375 16.5 16.75 16.5 16.125 16.0625 16.0625 16 16 16 16 15.9375 16 15.875 15.75 15.4375 16 16 16 16 16 16 16.125 16.125 15.9375 15.5625 14.8125 16.125 16.4375 16.5 16.25 16.25 16.5 16.8125 17.0625 16.875 17.1875 17 16.4375 16.625 16.6875 17.1875 17.5625 16.6875 17 17.375 17.5625 17.0625 17.5625 17.5 17.3125 17.1875 16.875 17 17 17.0625 17.3125 NA NA NA NA NA NA NA NA NA NA NA 
NA NA NA NA NA NA NA NA NA NA NA NA NA NA NA NA NA NA 15.3 NA 16.3125 16.875 17.875 17.9375 18.5625 18.5 18.625 18.5625 18 17.9375 17.9375 17 17.375 17.3125 17.5625 17.875 17.5 17 17 17.125 17.375 17.25 17.25 17.3125 17 16.6875 17 17.0625 16.9375 17 17.625 17.9375 17.625 17.125 16.9375 16.6875 17 17 17 17.125 17 16.9375 16.625 16.75 16 16 16 16 16 16 16 15.9375 16 16.5 16.5 16.25 16.25 16.125 16 16.5 16.125 16 16.1875 16.125 16.9375 18.125 18.25 18.375 18.125 17.9375 18 18.0625 18.0625 18.1875 18.0625 17.625 17.3125 17.1875 17.0625 17.375 17.6875 17.8125 18.125 18 17.625 18 18 18 18 17.75 17.75 17.875 17.75 17.875 NA NA NA NA NA NA NA NA NA NA NA 
NA NA NA NA NA NA NA NA NA NA NA NA NA NA NA NA NA NA NA NA 16.08333 16.75 17.5625 18 18.5625 18.5625 18.1875 18.9375 18.9375 18.4375 18.0625 17.9375 18.3125 18.0625 18.75 19.0625 18.9375 18.75 18.4375 18.375 18.8125 18.5625 18.1875 18 17.75 17.875 17.5 17.6875 17.625 18 18 18.25 18 17.875 17.8125 17.625 17.8125 17.9375 17.625 17.5625 17.375 17 17 16.9375 16.6875 16.4375 16.625 16.5625 16.4375 16.0625 16 16 16 17 17 17 17 17 16.4375 16.8125 16.5 16.6875 16.5625 16.5625 16.75 17.9375 19.0625 19.125 18.6875 19 19.3125 19.0625 18.4375 17.875 18 17.8125 17.9375 18 17.8125 17.6875 18.0625 18.0625 18.4375 18.4375 18.0625 18 18.25 18.6875 18.0625 18 18 18.25 18.1875 18.35714 NA NA NA NA NA NA NA NA NA NA NA 
NA NA NA NA NA NA NA NA NA NA NA NA NA NA NA NA NA NA NA NA NA 16.375 16.76923 16.41667 16.8125 18 17.8125 18.4375 19 18.8125 18.375 18.625 18.1875 18.625 18.375 18.875 19 19 19 18.9375 18.8125 18.875 19 18.6875 18.125 18 18.1875 18.75 19 18.875 18.125 18.5 18 18.375 18 18 18 18 18 17.9375 17.375 17.25 17.3125 17.1875 17 16.9375 17 17 17 16.625 16.4375 16.1875 16 17 17 17 17.0625 17 17 17 16.9375 16.625 17.1875 17.25 17.0625 17.8125 18.25 19 18.875 19.375 20 20 20 18.25 18.125 18.5625 18.1875 18.25 18.1875 18.3125 18.125 18 18.8125 19 18.8125 18.6875 18.875 19 18.4375 18.5 18.4375 18.6875 18.8125 19.46667 NA NA NA NA NA NA NA NA NA NA NA 
NA NA NA NA NA NA NA NA NA NA NA NA NA NA NA NA NA NA NA NA NA NA NA NA 16.73333 17.3125 18.1875 18.5 19 19 19 19 19 19 19 19.5 19.5 19.1875 19.125 19.0625 19 19 19 19.1875 19.375 18.5625 18.625 18.875 19 18.9375 18.4375 18.875 18.375 18.0625 18.25 18.5 18.625 18.5 18.375 18.5 17.9375 17.8125 17.6875 18 17.4375 17.25 17.625 17.1875 17.25 17.125 16.875 16.875 16.1875 17.25 17.3125 17 17 17 17.4375 17.625 17.375 17.4375 17.5 17.75 18.0625 19.125 19.375 19.4375 19.9375 20.4375 20.125 20.0625 20.625 19.1875 18.1875 19 19 18.75 19 18.9375 18.875 18.8125 19 19 18.9375 19 19 18.9375 19.4375 19.625 19.375 19.75 NA NA NA NA NA NA NA NA NA NA NA NA NA 
NA NA NA NA NA NA NA NA NA NA NA NA NA NA NA NA NA NA NA NA NA NA NA NA 17.6 17.75 17.6875 18.0625 19.0625 19 19 19.0625 18.8125 19 19.1875 19.875 19.875 19.75 19.4375 19.1875 19.25 19.0625 19 19.75 19.875 19.5625 19.125 19.0625 19 19 19 19.1875 19 18.75 18.9375 18.9375 19 19 19 18.5625 18.3125 18 18 18 18 18 18 18.0625 18 17.3125 17 17 16.8125 18 18 17.875 17.5625 17.9375 17.875 17.3125 17.9375 18 18.3125 18.625 18.6875 19.4375 20.0625 20.3125 20.625 20.375 20.6875 20.5625 20.375 19.75 18.1875 19 19.25 19.625 19.5 19.625 19.625 19.625 19.625 19.125 19.75 19.5625 19.625 20.28572 NA NA NA NA NA NA NA NA NA NA NA NA NA NA NA NA NA 
NA NA NA NA NA NA NA NA NA NA NA NA NA 18.26667 19.1875 18.23077 NA NA NA NA NA NA 18 17.9375 18.4375 18.1875 18.6875 18.5625 19.3125 19.8125 19.6875 19.4375 19.5 19.4375 19.0625 19.8125 19.8125 19.875 20 19.625 19.375 19.6875 19.8125 19.5 19.875 19.8125 20 19.4375 19.125 19.75 19.75 19.9375 19.125 19.0625 19 19 19.0625 19 19 19 18.875 18.5 18.3125 18.0625 18.375 18.625 18.625 18 17.75 17.8125 17.3125 17.4375 17.0625 18 18 18 18 18 18 17.9375 18 18.5625 18.5 18.3125 19.0625 20.0625 20.75 21 21 21 21 21 20.75 19.875 19.125 19.3125 19.875 20 20 20 20.125 20.1875 20 20 20.125 20.125 20.0625 20.92308 NA NA NA NA NA NA NA NA NA NA NA NA NA NA NA NA NA 
NA NA NA NA NA NA NA NA NA NA NA NA NA NA 19.6875 19 18.5625 19.75 19.125 18.875 18.3125 18.25 18.625 18.0625 18.5 18.8125 18.9375 19 20.125 20.25 19.6875 19.5 19.8125 20 19.9375 19.75 20 20 20.0625 20.1875 20 19.625 19.9375 20 20 20 20 20 20 20.0625 20 20.25 19.9375 19.75 19.5 20 19.9375 19.25 19.1875 19.5 19.375 19 19.0625 19.0625 18.5 18.875 18.9375 18.375 18 18 18 18 17.9375 18.25 18.0625 18.125 18.625 18.125 18.0625 18.1875 18.5625 18.375 18.8125 18.625 19.5 20.4375 21 21.0625 20.9375 20.5 20.875 20.3125 20.5625 19.5 19.875 20 20 20 20.25 20.4375 20.1875 20.625 20.5 20.75 21 20.9375 21.125 21.5 NA NA NA NA NA NA NA NA NA NA NA NA NA NA NA NA NA 
NA NA NA NA NA NA NA NA NA NA NA NA NA NA 21.5 20.8125 20.5 21 21.625 21.6875 20.9375 20.4375 20.3125 19.3125 19.75 20.1875 20.25 20.0625 20.0625 20.5 20.4375 20.25 20.0625 20.0625 20.5 20.0625 20.5625 20.625 20.3125 19.8125 20 19.8125 19.9375 20 20 20.625 20.875 20.4375 20.25 20.3125 20.1875 20.25 20.3125 20.0625 20.4375 20 20 19.75 19.8125 19.8125 19.875 19.625 19.375 19.75 19.0625 19 19 19 18.8125 18.375 18.4375 18 18 18.9375 18.5625 18.625 19 19 18.9375 19 18.875 18.75 19.125 19.1875 19.5 20.25 21 21.3125 20.4375 20.625 20.3125 20.3125 20 19.9375 20 20 20.0625 20.375 20.75 20.6875 20.75 20.625 21 21 21 21.1875 21.9375 NA NA NA NA NA NA NA NA NA NA NA NA NA NA NA NA NA NA 
NA NA NA NA NA NA NA NA NA NA NA NA NA NA NA 20.9 21.4375 21.125 21.8125 22.5625 22 22 22 21.375 21.125 21 21 21.4375 20.75 20.625 20.3125 20.8125 20.6875 20.4375 20.75 20.875 21 21.125 20.375 20.3125 20.6875 20.5 20.875 20.75 20.6875 20.875 21 21 21 21 21 21 21 20.9375 21 20.75 20.4375 19.875 20 20 20 20.1875 20.25 20 19.8125 19.5 19.4375 19 19 19 18.8125 18.1875 18.0625 19.25 18.875 18.875 19.1875 19 19 19.0625 19 19 19 19.1875 19.4375 20.1875 20.875 21.1875 21.3125 20.6875 20.0625 20 20 20.25 20.625 20.75 20.9375 21 21.25 21.625 21 21 21.1875 21.6875 21.625 21.875 22.3125 NA NA NA NA NA NA NA NA NA NA NA NA NA NA NA NA NA NA 
NA NA NA NA NA NA NA NA NA NA NA NA NA NA NA NA 22 21.625 22.125 22.8125 22.25 22 22 21.9375 22.0625 21.5625 21.25 21.1875 21.4375 21.4375 20.9375 20.3125 20.25 21 21.1875 21.0625 21.1875 21.4375 21 21 20.5625 21 21 21.1875 21.3125 21.1875 21 21 21 21 21.5 21.5 21.375 21.0625 21 21.1875 21.375 20.125 20 20 20.125 20.3125 20.5 20.6875 20.875 20.3125 20 19.25 19 19 19 18.8125 18.9375 20 19 19.25 20 19.8125 19.25 19.875 19.625 19.625 19.375 19.625 19.5 20.0625 20.9375 20.9375 21 21 20.6875 20.125 20.75 21 21 21.1875 21.6875 21.75 22 22 22 21.875 21.875 22 22 22.1875 22.75 NA NA NA NA NA NA NA NA NA NA NA NA NA NA NA NA NA NA 
NA NA NA NA NA NA NA NA NA NA NA NA NA NA NA NA NA 21.5 21.06667 21.625 21.1875 22.0625 22.75 22.375 22.1875 22.375 22.0625 22.1875 22.0625 22.5625 22.4375 22.125 21.625 20.875 21.25 21.75 21.9375 22 21.875 21.9375 21.5 21.1875 21.0625 21.125 21.1875 21.9375 21.875 21.4375 21.8125 21.875 22 22 22 22 21.625 21.5 21.9375 21.1875 20.4375 20.25 20.5625 20.75 21 21.1875 20.75 20.75 20.0625 20 20 19.9375 19.6875 19.5 19.875 20.1875 19.4375 19.8125 20 20 20 20 20 20 20 20 20.25 20.875 21.0625 20.875 20.3125 20.9375 21 20.6875 20.875 21 21 21.5625 22 22 22 22 22.0625 22.0625 22 22.0625 22.1875 22.9375 NA NA NA NA NA NA NA NA NA NA NA NA NA NA NA NA NA NA NA 
NA NA NA NA NA NA NA NA NA NA NA NA NA NA NA NA NA NA NA 21.38461 21.6875 22.625 23.3125 23.5625 23.5 22.75 22.4375 22.8125 22.9375 23 23 22.875 22.5625 22.1875 22.125 22.125 22.3125 22.125 22 22 22.0625 22.125 21.5 21.9375 22 22 22.375 22.4375 22 22.125 22 22 22 22 22 22 22 22 21.4375 21 21.1875 21 21.3125 21.375 21.25 20.9375 20.75 20.75 20.5625 20.4375 20.4375 20 20 20.1875 20.1875 20.0625 20.625 20.5 20.0625 20.125 20.3125 20.25 20.125 20.125 20.3125 21 21.5625 22 21.5625 21.3125 21.3125 22.25 22.5625 21.75 21.875 22 22 22.25 22.625 22.875 22.375 22.125 22.9375 22.9375 22.9375 23.3125 23.76923 NA NA NA NA NA NA NA NA NA NA NA NA NA NA NA NA NA NA 
NA NA NA NA NA NA NA NA NA NA NA NA NA NA NA NA NA NA NA NA 21.73333 22.5 23.5625 23.875 24 24 23.6875 23.5625 23.1875 23.1875 23.375 22.8125 22.5625 22.3125 22.6875 22.125 22.0625 22.1875 22 22.375 23 22.6875 22.5 22.0625 22.5 22.9375 22.75 23 22.4375 22.0625 22.125 22 22 22 22 22 22 22 22 21.4375 22 21.5 21.5 21.8125 21.9375 21.5625 21.0625 21 21 20.8125 20.5625 20.125 20.375 20.875 21 20.9375 21 21 20.875 20.8125 20.9375 20.875 21 20.875 20.875 21.1875 21.375 21.9375 21.6875 22 22 22.3125 22.9375 22.8125 22.4375 22.875 22.5 22.625 23 23 23.375 23.1875 23.5625 23.625 23.25 24 24.4375 NA NA NA NA NA NA NA NA NA NA NA NA NA NA NA NA NA NA 
NA NA NA NA NA NA NA NA NA NA NA NA NA NA NA NA NA NA NA NA NA 22.5625 22.875 23.25 24.375 24.625 25 24.25 24.125 24.375 23.8125 23.5625 23.1875 22.75 23.375 23.375 23.0625 23 22.125 22.25 23 23.0625 22.875 23.0625 22.9375 23 23 23.125 23 22.875 23 22.75 22.4375 22.125 22 22 22.125 22.25 22 22 22 22 22 22.0625 21.625 21.75 21.6875 21.125 21.0625 21 21.3125 21.0625 21 21.625 21.5 21.3125 21.375 21.75 21 21.25 21.9375 22 21.9375 21.625 21.875 22 22.5 22.0625 22 22 22 22.0625 22.625 22.9375 22.875 23.0625 23.3125 23.25 23.25 23.4375 24.625 23.875 23.5625 24 24 24.4375 25 25.9 NA NA NA NA NA NA NA NA NA NA NA NA NA NA NA NA NA 
NA NA NA NA NA NA NA NA NA NA NA NA NA NA NA NA NA NA NA NA NA 23.83333 23.25 24.3125 24.875 25.0625 25 25.0625 24.4375 24.4375 24.125 24.5625 23.9375 23.375 23.8125 24 23.75 23.5 22.75 22.75 23.25 23.6875 23.3125 23.5 23.8125 23.8125 23.6875 23.8125 23.25 23.1875 22.8125 22.75 22.4375 22.4375 22.3125 22.9375 22.625 23 22.6875 22.375 22.8125 22.625 22.125 22.0625 21.875 21.875 22.0625 22 21.6875 21.8125 21.9375 21.9375 21.5625 22.125 22 22 22 21.8125 22 21.5625 21.875 22.125 22.4375 22.375 22.625 22.3125 22.75 22.5 22 22.0625 22.1875 22.375 22.875 23 23 23 23.75 23.875 23.625 24 24.3125 23.875 24.0625 24.1875 24.875 25.0625 25.4375 25.8125 26.375 NA NA NA NA NA NA NA NA NA NA NA NA NA NA NA NA 
NA NA NA NA NA NA NA NA NA NA NA NA NA NA NA NA NA NA NA NA NA 23.06667 23.9375 24.125 24.9375 25.1875 25.25 25.9375 25.875 25.25 24.9375 24.6875 24.375 24.625 24.6875 24.6875 24.4375 23.6875 23.6875 23.125 23.5625 24 24.4375 24.5 24.5 24.5 24.875 24.8125 24 24.5 23.75 22.6875 22.875 23.1875 23.625 23.6875 23.25 23.625 23.125 23 23 23 23 22.5 22.1875 22.25 22.0625 22 22 22 22 22 22 22.8125 23 22.9375 22.25 22.4375 22.1875 22.0625 22.25 22.6875 22.9375 23 22.9375 22.9375 22.9375 22.75 22.625 22.25 22.25 22.1875 22.5 22.875 23.125 23.25 23.9375 24 24.5 24.625 24.625 24.875 24.875 24.875 25.0625 25.5625 25.9375 26.1875 26.3125 26.875 NA NA NA NA NA NA NA NA NA NA NA NA NA NA NA 
NA NA NA NA NA NA NA NA NA NA NA NA NA NA NA NA NA NA NA NA 22.5 23 23.25 23.375 24.3125 24.9375 25.1875 25.9375 26.1875 25.75 25.6875 25.5 25.375 25.1875 25.4375 25.3125 25.4375 24.875 24.125 24.1875 24.0625 24.25 24.125 24.8125 25.125 25.125 25.8125 25.8125 24.75 25.3125 24.25 23.3125 23.0625 24.6875 24.4375 24 23.8125 24.0625 24.25 23.3125 23.0625 23 23.0625 23.0625 22.9375 22.5625 22.8125 23 23 23 22.75 22.375 22.0625 23 23 23 22.8125 23 23 22.875 22.625 22.9375 23 23 23 23.125 23 23.375 23.625 23.1875 23.6875 23.625 24.1875 24.3125 24.4375 24.6875 23.875 24.375 24.625 24.8125 25 25.125 25.5625 25.125 25.75 26.375 26.9375 27.375 27.9375 28.0625 NA NA NA NA NA NA NA NA NA NA NA NA NA NA NA 
NA NA NA NA NA NA NA NA NA NA NA NA NA 23.8125 24.1875 23.3125 23.0625 22.88889 23.3 24 23.90909 22.875 23.75 24.9375 24.5625 25.1875 25.5 25.9375 26.1875 26.75 26.625 26.6875 26.25 26.25 26.25 26.75 26.25 25.875 25.125 25.0625 25.1875 25.3125 24.625 25.125 25.4375 25.6875 26.5 27 27.0625 26.625 26 24.3125 23.875 23.6875 24 24.8125 24.5625 24.625 24.875 25.25 24.375 24.5 23.6875 23.625 23.375 23.5625 23.125 23.125 23.0625 23 23 23 23 23.75 23.6875 23.875 23.75 23.6875 23.4375 23.4375 23 23.5625 23.375 23.75 23.875 23.6875 23.375 23.75 24 24 24.1875 24.75 24.625 25 25.375 25.375 25.3125 25.0625 25.5 24.9375 25.375 25.8125 26 26 26.375 26.9375 27.75 28.25 28.375 29.0625 NA NA NA NA NA NA NA NA NA NA NA NA NA NA NA 
NA NA NA NA NA NA NA NA NA NA NA NA NA 25.25 25.5625 24.625 24.9375 23.61539 24 24.1875 24.25 23.4375 23.5625 24.9375 25 25.9375 25.9375 26.4375 26.9375 26.875 27.25 27.375 27.3125 27.5 27.125 27.4375 27 26 26.125 26.5625 26 25.625 25.375 25.375 26.25 27.0625 27.3125 26.4375 26.9375 26.25 26.125 26.4375 25.8125 23.8125 24.25 25.625 25.8125 26.125 26.5 26.4375 26.375 26.1875 25.9375 25.25 24.3125 24.1875 24 23.8125 23.75 23.8125 23.6875 23.375 23 24 24.25 24 24 24 24 23.9375 23.75 24 24.0625 24 24 24 24 23.9375 24 24 24 24.625 25 25 25.125 25.625 25.9375 25.6875 25.9375 25.9375 25.5 25.625 26 26.6875 26.8125 27.5 28 28.25 29 29.4375 NA NA NA NA NA NA NA NA NA NA NA NA NA NA NA 
NA NA NA NA NA NA NA NA NA NA NA NA 25.45455 25.9375 25.4375 24.6875 24.4375 25.125 24.75 25.625 26.0625 26 24.5 24.375 25.375 26.1875 26.375 26.5 27.125 27.125 27.375 27.25 27.4375 27.9375 28.125 28.875 27.8125 27.0625 27.3125 26.625 26.125 26.5 25.9375 26.75 27.1875 27.0625 27.3125 26.9375 26.125 26.375 25.375 25.75 26.25 24.6875 25.1875 26.25 25.9375 26.1875 26.8125 26.875 26.3125 26.375 26.4375 26.25 25.9375 25.5625 25.125 24.8125 24.625 24.25 24 24 23.6875 24.6875 24.375 24.5 24.75 24.875 24.8125 24.375 24.3125 24.4375 24.8125 24.1875 24.5625 24.25 24.4375 24.5 24.3125 24.25 24.5625 24.6875 25 24.875 25.1875 25.375 25.1875 25.625 26 26 26.125 26.75 27.0625 27 27.25 27.5 28.25 28.875 29.5625 29.875 30.57143 NA NA NA NA NA NA NA NA NA NA NA NA NA NA 
NA NA NA NA NA NA NA NA NA NA NA NA NA 25.73333 25.1875 25.5 26.6875 26.625 26.625 26.5 26.875 27.5 26.875 26.1875 25.125 25.6875 26.625 27.25 27.6875 28.375 28.25 28.5625 27.9375 28.5625 28.8125 29 29.0625 28.125 27.25 27.375 27.0625 27.5 26.875 27.5 28.5625 28.3125 27.6875 27.6875 27.75 28.75 27.125 25.875 26.3125 25.25 25.3125 26 26.0625 26.875 27.875 28.875 27.8125 27.75 26.5 26.1875 26.1875 25.875 25.1875 25.0625 25.1875 25 24.875 24.8125 24.4375 25 25 25 25.0625 25.0625 25 25.0625 25 25 24.9375 24.875 25 25 24.8125 25 24.9375 24.9375 25 25 25 24.5 24.75 25.5625 26 26.125 26.125 26.625 27.375 27.875 28.625 28.5625 28.5625 27.875 28.1875 29 30 30.375 30.8125 32.55556 NA NA NA NA NA NA NA NA NA NA NA NA NA 
NA NA NA NA NA NA NA NA NA NA NA NA NA NA NA 27.09091 27.1875 27.5625 28.3125 28.9375 28.125 28.25 27 26.8125 25.75 26.6875 27.5625 28.125 28.25 28.625 28.9375 29.125 29 28.8125 29.375 29.875 30 29.875 29.125 28.5 27.6875 27.875 27.875 29.1875 29.5 29.0625 28 28.9375 29.4375 29.375 28.1875 27.4375 26.625 26.25 26.375 25.9375 26.875 27.5 27.8125 28.5 28.9375 28.9375 28.25 27 26.375 26.5 26.0625 26 25.8125 25.125 25.375 25.0625 24.625 25.25 25.5625 25.9375 25.625 26.25 26.1875 26 25.6875 25.25 25.1875 25.625 25.5 25.0625 25 25 25.1875 25 25 25 25.4375 25.625 25.75 25.75 25.9375 26 26.4375 26.9375 27.8125 28.0625 29 29.1875 29.75 29.875 30 29.375 30.0625 30.75 31.875 32.3125 32.6875 NA NA NA NA NA NA NA NA NA NA NA NA 
NA NA NA NA NA NA NA NA NA NA NA NA NA NA NA NA NA 29.16667 29.75 30 30 29.9375 28.6875 27.4375 26.5 27.25 28 28.0625 29.5 30.25 30 29.4375 29.5 29.625 30.1875 30.6875 30.6875 30.8125 30.4375 29.0625 29.4375 28.9375 29.0625 30 30.5625 29.875 29.4375 29.125 29.9375 30 29.3125 28.125 28.0625 27.25 27.0625 26.625 26.9375 27.5625 28.25 28.5625 29 29.25 29.5625 27.875 27.3125 27.0625 27.25 26.6875 26 26.125 25.875 25.5625 25.4375 26.25 26.5625 27 27.0625 27.0625 28.1875 26.875 26.4375 26.125 26 26 25.875 25.8125 25.5 25.375 25.375 25.875 25.5625 25.875 26.0625 26.5 26.875 26.75 26.375 26.9375 27 27.0625 27.9375 28.5625 29.4375 29.9375 30.0625 30.8125 31 30.625 30.375 30.9375 31.9375 32.5 33.3125 34.1875 35.4375 37.375 NA NA NA NA NA NA NA NA NA 
NA NA NA NA NA NA NA NA NA NA NA NA NA NA NA NA NA NA NA 30.8 30.5 30 28.1875 27.8125 27.1875 27.875 27.875 28.625 30.3125 30.625 31 30.8125 30.5625 30.5625 31 31.0625 31.1875 31.125 31.0625 30 30.0625 29.75 30.375 30.875 30.625 30.875 30.625 30.125 30.75 30.1875 29.25 28.125 28.25 27.8125 27.3125 27.1875 28.5625 28.1875 28.75 28.9375 30.1875 30.375 30.25 29 28.25 27.9375 27.5 27.5625 26.75 27 26.1875 26.3125 26.875 27.875 28.125 28 27.9375 28.3125 28.1875 28.4375 27.6875 27.5 26.6875 27.3125 27.0625 27.0625 26.8125 26.1875 25.9375 26.1875 26 26 26 26.125 26.75 27 27.1875 27.5 28.1875 28.25 28.5625 28.8125 29.6875 30 30.375 31 31.5625 31.5625 31.3125 32.125 32.3125 33 34.375 35.625 36.125 35.9375 37.4375 37.06667 NA NA NA NA NA NA NA 
NA NA NA NA NA NA NA NA NA NA NA NA NA NA NA NA NA NA NA NA 31.5625 30.125 29.3125 29.4375 28.0625 28.375 29.0625 29.75 30.625 30.8125 31.1875 31.4375 31.6875 31.5625 31.4375 31.8125 31.875 32.1875 32.25 31.4375 31 31.1875 32.125 32.125 31.9375 31.6875 31.4375 31.125 31.6875 30.1875 29.4375 29.625 28.625 28.5 27.9375 28.1875 28.9375 30.25 31.4375 31.875 31.3125 31.5625 30.375 29.375 29.0625 29 28.5 27.875 27.75 27.4375 26.9375 27 27.25 28.125 28.1875 28 28.125 28.125 28 28.125 28 28 28 27.8125 27.4375 27.25 27.25 27 26.875 27 26.875 26.625 26.4375 26.875 27.0625 27.625 27.8125 27.9375 28 28.25 28.875 30 30.75 31.5625 32.4375 32.25 31.6875 32.6875 32.3125 32.5625 33.5625 33.6875 34.875 35.75 36.1875 36.0625 36.375 37.125 38.375 39.75 NA NA NA NA NA 
NA NA NA NA NA NA NA NA NA NA NA NA NA NA NA NA NA NA NA NA NA 32.66667 31.4375 30.3125 30.125 29.875 29.3125 30.5 32.375 32 32.5 32.6875 32.9375 32.75 32.625 32.875 32.875 32.875 32.9375 32.9375 32.875 32.875 32.375 31.6875 32.75 33.3125 33.1875 33 31.5625 31.4375 30.5625 30 29.9375 29.3125 29 29.625 30 30.75 32.6875 33.0625 33.25 31.25 30.8125 30.875 30.1875 29.625 29.0625 28.8125 29.1875 28.1875 28.75 28.3125 28.3125 28.875 29 28.75 29 29 29 28.6875 28.5625 28.6875 29 28.6875 28.5 28.0625 28 28 27.8125 27.75 27.875 27.5 27.375 27.4375 27.9375 28 28 28.625 29.125 29.1875 29.375 29.125 30.5 31.4375 32.3125 32.875 32.5625 33 33.1875 33.5 33.5 34.25 35.125 35.5 35.9375 37.125 38.4375 39.375 39.5 40.125 41 NA NA NA NA 
NA NA NA NA NA NA NA NA NA NA NA NA NA NA NA NA NA NA NA NA NA 33.77778 33.3125 31.75 31.6875 31.6875 30.625 31 32.4375 33.75 33.8125 33.0625 33.25 33.4375 33.25 33.0625 33.5 33.125 33.3125 33 33.1875 33.25 32.375 32.3125 32.375 33.375 33.25 32.125 31.5625 31.9375 31.1875 30.5625 30.25 30.0625 30.125 30.125 30.4375 31.125 32.4375 33.5 33.57143 31.5 31.25 31.0625 30.5 30.4375 30.25 30.1875 29.875 30.375 29.9375 29.375 29.75 29.5625 29.5625 29.5625 29.25 29.4375 29.3125 29.125 29.1875 29 29 29 29.0625 28.875 28.6875 28.5625 28.625 28.25 28.6875 28.375 28.625 28.8125 28.75 28.5625 29.5 29.25 30.125 30.625 31 30.75 30.75 31.375 32.0625 32.625 33 33.125 33.5 34 34.6875 34.75 34.75 36 36.0625 37.3125 37.625 39.5 39.4375 40.5 39.93333 NA NA NA NA 
NA NA NA NA NA NA NA NA NA NA NA NA NA NA NA NA NA NA NA NA NA NA NA 33.36364 32.5 31.1875 31.4375 31.5625 32.0625 33.125 34.0625 34 34.0625 34 34 33.875 34 34 33.875 34 34 34 33.625 32.25 32.625 33 32.25 31.9375 32.0625 32.25 31.625 31 30.6875 30.9375 30.875 30.4375 30.66667 NA NA NA NA 32.2 31.5625 31.5 31.0625 30.8125 30.9375 30.5 30.8125 30.9375 30.5625 30.0625 30 30.0625 30.0625 30 30 30 30 30 30 29.5625 29.375 29.1875 29.9375 29.75 29.75 29.75 29.625 29.5 29.3125 29.1875 29.5625 30 30.5 29.4375 30 30.6875 30.75 31.0625 31.5 31.8125 32.25 31.5625 32.125 32.3125 32.9375 33.25 34 34.125 35 35.25 36.0625 37.125 37.25 37.375 37.625 38.375 40.125 40.5 40.5625 40.93333 NA NA NA 
NA NA NA NA NA NA NA NA NA NA NA NA NA NA NA NA NA NA NA NA NA NA NA NA 33.55556 32.4375 32.125 32.5625 31.9375 33.4375 33.8125 34.4375 34.9375 34.9375 35 34.6875 34.4375 34.5 34.625 34.6875 35 35 34.4375 33.375 32.75 33.25 33.4375 32.8125 32.5625 32.5 32.625 32 31.625 31.53846 31.625 31.5 NA NA NA NA NA 32.375 32.6 32.0625 32.75 32.5 31.8125 31.875 30.5625 30.625 30.6875 31.1875 31 30.9375 30.6875 30.625 30.1875 30.375 30.5625 30.375 30.375 30.3125 30.125 30 30.0625 30 30.25 30.4375 30.5 30.5 30.4375 30.4375 30.9375 31 31.0625 31.0625 31.3125 31.4375 32.1875 32.875 32.3125 32.25 33.625 32.875 32.9375 33.5 33.625 34.4375 35.1875 35.625 35.5 35.9375 36.6875 37.4375 38.0625 38.75 38.9375 38.75 39.8125 40.625 41.1875 41.9375 42.6875 43.44444 NA 
NA NA NA NA NA NA NA NA NA NA NA NA NA NA NA NA NA NA NA NA NA NA NA NA NA NA 33.63636 32.58333 32.5 33.4375 34 34.375 35.4375 36.0625 35.875 35.75 35.9375 35.6875 35 35.1875 35.0625 35.125 35.125 35.0625 34.5 33.125 32.8125 32.4375 33.125 33.4375 33.125 32.625 32.625 33 NA NA NA NA NA NA NA 32.9 33.33333 33 33.25 33.25 32.3125 32.9375 31.75 32.1875 31.4375 31.1875 31.3125 31.5625 31.125 31 30.8125 31.3125 31.5625 30.9375 31.3125 31.75 31.1875 31.0625 31.625 31 31.0625 31.3125 31.5 31.4375 31.5 31.6875 31.625 31.9375 32.25 32.4375 32.3125 32.4375 32.6875 33.125 35.125 35.5 35.5 35.8125 33.8125 34.9375 35.75 36.5 36.9375 37 37.25 37.8125 37.8125 38.3125 38.875 39.6875 40.3125 40.125 40 41 41.625 42.375 43 43.1875 44.375 
NA NA NA NA NA NA NA NA NA NA NA NA NA NA NA NA NA NA NA NA NA NA NA NA NA NA NA NA NA 34.1875 34.875 35.8125 35.5625 36.375 36.9375 36.875 36.5625 36.75 36.4375 36.375 36.125 35.1875 35.4375 35.25 35.5 35.3125 34.5 33.5 33 33.4375 33.5 33.5 33.5 33.875 34.125 NA NA NA NA NA NA NA NA 34.44444 34.53333 34.08333 33.66667 33.3125 33.42857 33.625 32.6875 32.1875 31.6875 31.1875 31.1875 31.5 31.75 32.1875 32.375 31.8125 32.1875 32.375 32.6875 32.4375 32.9375 32.4375 32.125 32.4375 32.375 32.5625 32.625 32.875 32.9375 32.8125 33.0625 33.8125 34.25 34.0625 33.5 34.0625 34.3125 36.75 37.9375 38.125 36.4375 35.5 36.75 38 37.9375 37.6875 38 38.5625 39 39.5 39.5 39.9375 40.5625 41.375 41.75 41.75 41.875 42.1875 43 43.875 44.4375 
NA NA NA NA NA NA NA NA NA NA NA NA NA NA NA NA NA NA NA NA NA NA NA NA NA NA NA NA NA NA 35.44444 36.3 35.92857 36.6 37 37.0625 37 37.0625 37.25 37.0625 36.9375 36.5625 36.0625 36 36 36 35.25 34 34.6875 34.125 34.25 34.5 34.125 34.375 34.9375 35 NA NA NA NA NA NA NA NA NA NA NA NA NA 34.625 33.875 33.125 32.8125 32.4375 32.25 32.8125 32.625 32.4375 32.9375 33.0625 33 33.3125 33 32.875 33.0625 33.25 33.25 33.5 33.5625 33.375 33.25 33.6875 33.75 34 33.9375 34.375 34.9375 35.5 35.25 35.0625 35.4375 35.6875 36.6875 38.5 38.1875 37 37.75 38.0625 38.6875 39.1875 39.4375 39.3125 39.6875 40 40.625 40.8125 40.8125 41.6875 42.25 42.125 42.5625 43.3125 43.8125 44.25 44.72727 
NA NA NA NA NA NA NA NA NA NA NA NA NA NA NA NA NA NA NA NA NA NA NA NA NA NA NA NA NA NA NA NA NA NA NA 37.8 37.625 37.9375 38 37.875 37.75 37.1875 37.0625 36.6875 36.6875 36.375 35.875 35.1875 35.75 35.125 35.375 35.3125 35.625 35.8125 36.4375 36 NA NA NA NA NA NA NA NA NA NA NA NA NA NA 34.6875 34.25 33.9375 33.6875 33.25 33.3125 34.125 34.1875 33.6875 33.6875 33.6875 33.6875 33.9375 34.0625 34 34 34.4375 34.375 34.1875 34.1875 34.6875 34.875 34.875 35 35.25 35.5 35.625 35.9375 36.1875 36.875 36.6875 36.75 37.0625 37.5625 38.125 38.5625 38.375 38.75 39.0625 40.125 40.4375 40.375 40.625 41 41.25 41.6875 42 42.625 43.25 43.3125 43.3125 43.5 44.06667 NA NA 
NA NA NA NA NA NA NA NA NA NA NA NA NA NA NA NA NA NA NA NA NA NA NA NA NA NA NA NA NA NA NA NA NA NA NA NA 38.30769 38.4375 38.3125 38.0625 38.0625 38.25 37.125 37.375 37.25 37.125 36.5 35.9375 36.5625 35.625 36.1875 36.4375 36.6875 36.9375 37.375 36.75 NA NA NA NA NA NA NA NA NA NA NA NA NA NA 35.78571 35.6875 35.375 34.8125 34.4375 34.25 34.3125 34.5625 35 35.5 34.875 34.625 34.25 34.5 34.8125 34.9375 35 35 35.125 35.25 35.75 35.9375 35.9375 36.125 36.5 36.5 36.6875 36.875 37.25 37.875 38.125 37.5 37.8125 38.125 38.5625 38.875 39.1875 39.5625 40.1875 40.5625 41.75 42.1875 41.875 42.25 42.1875 42.375 42.4375 43.125 43.5625 43.875 44 44.75 NA NA NA 
NA NA NA NA NA NA NA NA NA NA NA NA NA NA NA NA NA NA NA NA NA NA NA NA NA NA NA NA NA NA NA NA NA NA NA NA NA 39.5 39.4375 38.875 38.75 38.625 38.25 38 37.625 37.1875 37.5 37.3125 37.3125 37.4375 37.6875 37.75 37.92857 37.875 NA NA NA NA NA NA NA NA NA NA NA NA NA NA NA NA NA NA NA 35.875 35.1875 35.1875 35.75 35.9375 36.125 36.5 37.0625 36.125 35.5625 35.6875 35.9375 35.6875 35.75 36.0625 36.125 36.5 36.75 36.75 37.0625 37.125 37.5625 37.75 37.6875 37.9375 38 38.0625 38.75 38.75 38.9375 38.5625 39 39.5 40 40.75 41.1875 41.5625 42.5 43.375 43.5625 42.6875 42.75 43.3125 43.625 43.3125 43.3125 43.4375 43.85714 NA NA NA NA 
NA NA NA NA NA NA NA NA NA NA NA NA NA NA NA NA NA NA NA NA NA NA NA NA NA NA NA NA NA NA NA NA NA NA NA NA NA NA 40.25 39.5 NA 38.4375 38.625 38.5 38.25 38.25 38.0625 38.6875 37.9375 37.5 37.66667 37.9 NA NA NA NA NA NA NA NA NA NA NA NA NA NA NA NA NA NA NA NA NA 36.8125 36.25 36 36.25 36.5 37.3125 37.625 37 37.0625 36.5625 36.8125 36.9375 36.875 37 37.3125 37.5625 37.5625 37.625 37.875 38.125 38.125 38.375 38.75 38.875 38.8125 38.75 38.9375 39.0625 39.3125 39.5 39.6875 40.4375 40.9375 41.8125 42.125 42.1875 42.25 42.875 43.8125 43.875 44.3125 43.3125 44 45.0625 45.25 44.8125 NA NA NA NA NA NA 
NA NA NA NA NA NA NA NA NA NA NA NA NA NA NA NA NA NA NA NA NA NA NA NA NA NA NA NA NA NA NA NA NA NA NA NA NA NA NA NA NA NA NA 39.25 38.9375 38.9375 38.875 38.8125 39.25 39.5625 NA NA NA NA NA NA NA NA NA NA NA NA NA NA NA NA NA NA NA NA NA NA NA 37.9375 37.625 37.875 37.75 37.625 38.0625 38.125 37.6875 37.625 37.8125 37.8125 37.875 38 38.125 38.375 38.25 38.6875 38.8125 38.75 39.0625 39 39.3125 39.5 39.875 40.0625 39.875 40.1875 40.5 40.75 41.0625 41.5625 41 41.9375 42.0625 42.75 43.875 44 44.6875 44.5 45.0625 44.625 44.875 45.1875 46.0625 46.125 45.83333 NA NA NA NA NA NA 
NA NA NA NA NA NA NA NA NA NA NA NA NA NA NA NA NA NA NA NA NA NA NA NA NA NA NA NA NA NA NA NA NA NA NA NA NA NA NA NA NA NA NA NA NA NA 39.6875 40.0625 40.0625 40.6875 41.1 NA NA NA NA NA NA NA NA NA NA NA NA NA NA NA NA NA NA NA NA NA NA NA 39 39.61538 39.3125 38.75 39.1875 39.0625 38.8125 38.875 38.875 39 39 39 39 39.1875 39.5625 39.75 40 39.875 40.1875 40.4375 40.625 40.75 40.75 41.0625 41 41.3125 41.375 42.375 43.4375 44 43.1875 42.4375 43.3125 43.9375 43.8125 44.375 45.75 45.75 45.8125 46.0625 45.625 45.9375 47 46.5 NA NA NA NA NA NA NA 
NA NA NA NA NA NA NA NA NA NA NA NA NA NA NA NA NA NA NA NA NA NA NA NA NA NA NA NA NA NA NA NA NA NA NA NA NA NA NA NA NA NA NA NA NA NA 41.125 41.4375 42.0625 42 42.2 NA NA NA NA NA NA NA NA NA NA NA NA NA NA NA NA NA NA NA NA NA NA NA NA NA 40.375 40.44444 40.33333 39.9375 40 39.8125 39.625 39.5625 39.875 40.125 40.5 40.4375 40.375 40.8125 41 40.9375 41 41.0625 41.25 41.75 41.9375 41.75 41.3125 41.75 42.4375 43.3125 44.5625 44.625 43.9375 44.375 45.0625 44.625 45.625 45.75 46.3125 NA 47.22222 NA NA NA NA NA NA NA NA NA NA NA NA 
NA NA NA NA NA NA NA NA NA NA NA NA NA NA NA NA NA NA NA NA NA NA NA NA NA NA NA NA NA NA NA NA NA NA NA NA NA NA NA NA NA NA NA NA NA NA 43.5 NA 43.4 NA NA NA NA NA NA NA NA NA NA NA NA NA NA NA NA NA NA NA NA NA NA NA NA NA NA NA NA NA 41.75 41 41.0625 40.9375 40.375 40.4375 41 41.5625 41.75 41.4375 41.1875 41.75 41.4375 41.5 42 42.625 42.8125 43.125 43.3125 43.25 42.5 41.8125 42.9375 44.4375 45 45.75 45.6875 47.125 47.0625 46.6875 47.125 46.92308 NA NA NA NA NA NA NA NA NA NA NA NA NA NA NA 
NA NA NA NA NA NA NA NA NA NA NA NA NA NA NA NA NA NA NA NA NA NA NA NA NA NA NA NA NA NA NA NA NA NA NA NA NA NA NA NA NA NA NA NA NA NA NA NA NA NA NA NA NA NA NA NA NA NA NA NA NA NA NA NA NA NA NA NA NA NA NA NA NA NA NA NA NA NA 41.73333 41.75 41.75 42 41.6875 41.75 42.25 42.5 42.4375 42.5 42.3125 42.5 42.6875 43.3125 43.8125 44.375 44.25 44.3125 44.5625 43.75 42.5625 43.375 44.625 45.5625 46.625 47.5625 47.5625 48.1875 48.875 47.75 47.92308 NA NA NA NA NA NA NA NA NA NA NA NA NA NA NA NA 
NA NA NA NA NA NA NA NA NA NA NA NA NA NA NA NA NA NA NA NA NA NA NA NA NA NA NA NA NA NA NA NA NA NA NA NA NA NA NA NA NA NA NA NA NA NA NA NA NA NA NA NA NA NA NA NA NA NA NA NA NA NA NA NA NA NA NA NA NA NA NA NA NA NA NA NA NA NA 42.625 42.625 42.625 42.625 42.875 42.5625 43 43.6875 43.5 43.5 43.375 43.5625 43.625 44.9375 45.5 46 46.1875 44.9375 44.8125 44.3125 43.75 45.25 46.25 46.9375 48 49 49.0625 49.625 49.625 48.625 48.75 NA NA NA NA NA NA NA NA NA NA NA NA NA NA NA NA 
NA NA NA NA NA NA NA NA NA NA NA NA NA NA NA NA NA NA NA NA NA NA NA NA NA NA NA NA NA NA NA NA NA NA NA NA NA NA NA NA NA NA NA NA NA NA NA NA NA NA NA NA NA NA NA NA NA NA NA NA NA NA NA NA NA NA NA NA NA NA NA NA NA NA NA NA NA NA NA NA 43.5 43.73333 44.42857 44 44 44.125 44.9375 45 45.1875 44.8125 44.875 45.375 46.125 46.9375 46.75 46.25 45.6875 45.75 45.8125 46.4375 46.9375 47.875 48.375 49.875 50.375 49.9375 50.3125 49.8125 50.1875 50.1875 NA NA NA NA NA NA NA NA NA NA NA NA NA NA NA 
NA NA NA NA NA NA NA NA NA NA NA NA NA NA NA NA NA NA NA NA NA NA NA NA NA NA NA NA NA NA NA NA NA NA NA NA NA NA NA NA NA NA NA NA NA NA NA NA NA NA NA NA NA NA NA NA NA NA NA NA NA NA NA NA NA NA NA NA NA NA NA NA NA NA NA NA NA NA NA NA NA NA NA 45.7 45.46154 45.25 45.8125 46.13334 46.625 46.5625 46.125 46.4375 46.9375 47.5 47.125 47.1875 46.9375 46.875 46.8125 47.0625 47.25 48.1875 48.9375 50.25 50.875 51.1875 51.6875 51.75 51.9375 51.76923 NA NA NA NA NA NA NA NA NA NA NA NA NA NA NA 
NA NA NA NA NA NA NA NA NA NA NA NA NA NA NA NA NA NA NA NA NA NA NA NA NA NA NA NA NA NA NA NA NA NA NA NA NA NA NA NA NA NA NA NA NA NA NA NA NA NA NA NA NA NA NA NA NA NA NA NA NA NA NA NA NA NA NA NA NA NA NA NA NA NA NA NA NA NA NA NA NA NA NA NA NA 46.88889 NA NA NA 47.375 47.1875 47.3125 47.75 48.0625 48 48 48.0625 48.375 48.25 48.0625 48.125 48.9375 50 50.625 51.375 52.1875 52.9375 53.5625 53.9375 54.22222 NA NA NA NA NA NA NA NA NA NA NA NA NA NA NA 
NA NA NA NA NA NA NA NA NA NA NA NA NA NA NA NA NA NA NA NA NA NA NA NA NA NA NA NA NA NA NA NA NA NA NA NA NA NA NA NA NA NA NA NA NA NA NA NA NA NA NA NA NA NA NA NA NA NA NA NA NA NA NA NA NA NA NA NA NA NA NA NA NA NA NA NA NA NA NA NA NA NA NA NA NA NA NA NA NA 49.33333 49.1875 48.5 49.125 49.125 48.6875 48.6875 48.9375 49.375 49.0625 49.625 50.75 51.125 52.3125 53.3125 52.4375 53.9375 54.125 54.0625 54.5625 NA NA NA NA NA NA NA NA NA NA NA NA NA NA NA NA 
NA NA NA NA NA NA NA NA NA NA NA NA NA NA NA NA NA NA NA NA NA NA NA NA NA NA NA NA NA NA NA NA NA NA NA NA NA NA NA NA NA NA NA NA NA NA NA NA NA NA NA NA NA NA NA NA NA NA NA NA NA NA NA NA NA NA NA NA NA NA NA NA NA NA NA NA NA NA NA NA NA NA NA NA NA NA NA NA 49.4 49.75 50.375 49.875 50.3125 49.1875 49.375 49.375 49.5 50.3125 50.5 51.625 51.9375 53.125 53.1875 54.375 54.875 54.9375 55.125 55.1875 55.4375 NA NA NA NA NA NA NA NA NA NA NA NA NA NA NA NA 
NA NA NA NA NA NA NA NA NA NA NA NA NA NA NA NA NA NA NA NA NA NA NA NA NA NA NA NA NA NA NA NA NA NA NA NA NA NA NA NA NA NA NA NA NA NA NA NA NA NA NA NA NA NA NA NA NA NA NA NA NA NA NA NA NA NA NA NA NA NA NA NA NA NA NA NA NA NA NA NA NA NA NA NA NA NA NA NA 49.6875 50.9375 50.5625 50.3125 50.3125 49.8125 49.875 50.3125 50.6875 51.4375 51.1875 52.8125 53.75 53.9375 55.0625 55.75 55.5 55.25 55.5 55.625 56.46154 NA NA NA NA NA NA NA NA NA NA NA NA NA NA NA NA 
NA NA NA NA NA NA NA NA NA NA NA NA NA NA NA NA NA NA NA NA NA NA NA NA NA NA NA NA NA NA NA NA NA NA NA NA NA NA NA NA NA NA NA NA NA NA NA NA NA NA NA NA NA NA NA NA NA NA NA NA NA NA NA NA NA NA NA NA NA NA NA NA NA NA NA NA NA NA NA NA NA NA NA NA NA NA NA 50.53846 50.625 50.75 50.3125 50.625 50.8125 51 51.375 51.625 52.125 53.1875 52.6875 53.9375 54.75 55.5625 56.4375 56.1875 57.0625 56.5 56.1875 55.875 56.25 56.66667 NA NA NA NA NA NA NA NA NA NA NA NA NA NA NA 
NA NA NA NA NA NA NA NA NA NA NA NA NA NA NA NA NA NA NA NA NA NA NA NA NA NA NA NA NA NA NA NA NA NA NA NA NA NA NA NA NA NA NA NA NA NA NA NA NA NA NA NA NA NA NA NA NA NA NA NA NA NA NA NA NA NA NA NA NA NA NA NA NA NA NA NA NA NA NA NA NA NA NA NA NA NA 51.09091 51 51.0625 51.1875 51.5 51.75 51.9375 52.25 52.375 53.125 53.4375 53.6875 53.5625 54.4375 55.4375 56.3125 57.3125 56.8125 57.125 56.625 57.5 57.125 56.8125 56.8125 57.5 58.33333 NA NA NA NA NA NA NA NA NA NA NA NA NA 
NA NA NA NA NA NA NA NA NA NA NA NA NA NA NA NA NA NA NA NA NA NA NA NA NA NA NA NA NA NA NA NA NA NA NA NA NA NA NA NA NA NA NA NA NA NA NA NA NA NA NA NA NA NA NA NA NA NA NA NA NA NA NA NA NA NA NA NA NA NA NA NA NA NA NA NA NA NA NA NA NA NA NA NA NA 51.46154 51.5625 51.6875 52.0625 52.5 52.5625 52.875 53.125 53.3125 53.625 54.125 55.4375 56.125 55.5625 55.625 56 57.1875 58.0625 58.375 58.5 58.25 57.9375 58.4375 58.1875 57.4375 57.9375 58.8 NA NA NA NA NA NA NA NA NA NA NA NA NA 
NA NA NA NA NA NA NA NA NA NA NA NA NA NA NA NA NA NA NA NA NA NA NA NA NA NA NA NA NA NA NA NA NA NA NA NA NA NA NA NA NA NA NA NA NA NA NA NA NA NA NA NA NA NA NA NA NA NA NA NA NA NA NA NA NA NA NA NA NA NA NA NA NA NA NA NA NA NA NA NA NA NA NA NA 52.66667 52.625 52.5625 52.75 53.1875 53.3125 53.5 53.625 54.125 54.625 54.9375 55.5625 56.6875 57.0625 57.625 57.9375 58.5625 58.8125 58.875 59.5 59.9375 59.5 59.9375 60.125 58.875 58.75 59.1875 59.72727 NA NA NA NA NA NA NA NA NA NA NA NA NA 
NA NA NA NA NA NA NA NA NA NA NA NA NA NA NA NA NA NA NA NA NA NA NA NA NA NA NA NA NA NA NA NA NA NA NA NA NA NA NA NA NA NA NA NA NA NA NA NA NA NA NA NA NA NA NA NA NA NA NA NA NA NA NA NA NA NA NA NA NA NA NA NA NA NA NA NA NA NA NA NA NA NA NA NA NA 53.8125 53.5625 54.125 54.5 54.375 54.6875 54.6875 55.375 55.8125 56.25 56.625 56.875 57.6875 58.125 58.3125 59 59.375 59.6875 60.125 60.75 61.25 61.375 61.0625 60.5 59.9375 60.35714 NA NA NA NA NA NA NA NA NA NA NA NA NA NA 
NA NA NA NA NA NA NA NA NA NA NA NA NA NA NA NA NA NA NA NA NA NA NA NA NA NA NA NA NA NA NA NA NA NA NA NA NA NA NA NA NA NA NA NA NA NA NA NA NA NA NA NA NA NA NA NA NA NA NA NA NA NA NA NA NA NA NA NA NA NA NA NA NA NA NA NA NA NA NA NA NA NA NA 54.7 54.71429 54.5625 54.875 55.25 55.5625 56.125 56.125 56 56.375 56.9375 56.75 57.1875 57.625 57.6875 57.9375 59.0625 60.1875 61.1875 61.3125 61.07143 62.08333 62.4375 62 61.4375 61.1875 61.7 NA NA NA NA NA NA NA NA NA NA NA NA NA NA NA 
NA NA NA NA NA NA NA NA NA NA NA NA NA NA NA NA NA NA NA NA NA NA NA NA NA NA NA NA NA NA NA NA NA NA NA NA NA NA NA NA NA NA NA NA NA NA NA NA NA NA NA NA NA NA NA NA NA NA NA NA NA NA NA NA NA NA NA NA NA NA NA NA NA NA NA NA NA NA NA NA NA 55.81818 55.8125 55.6875 55.5625 55.8125 55.875 56.375 56.4375 57 56.6875 57.4375 57.3125 57.25 58.5 59.4375 59.875 59.5625 59.0625 59.875 61.375 62 62.375 NA NA 62.6 62.5 62.5 62.57143 NA NA NA NA NA NA NA NA NA NA NA NA NA NA NA NA 
NA NA NA NA NA NA NA NA NA NA NA NA NA NA NA NA NA NA NA NA NA NA NA NA NA NA NA NA NA NA NA NA NA NA NA NA NA NA NA NA NA NA NA NA NA NA NA NA NA NA NA NA NA NA NA NA NA NA NA NA NA NA NA NA NA NA NA NA NA NA NA NA NA NA NA NA NA NA NA NA NA NA 56.63636 56.9375 56.4375 56.5625 57.1875 57.25 57.5 58 NA NA 58.1 NA NA NA 60.81818 61.27273 60.11111 NA NA NA NA NA NA NA NA NA NA NA NA NA NA NA NA NA NA NA NA NA NA NA NA NA NA 
NA NA NA NA NA NA NA NA NA NA NA NA NA NA NA NA NA NA NA NA NA NA NA NA NA NA NA NA NA NA NA NA NA NA NA NA NA NA NA NA NA NA NA NA NA NA NA NA NA NA NA NA NA NA NA NA NA NA NA NA NA NA NA NA NA NA NA NA NA NA NA NA NA NA NA NA NA NA NA NA NA NA NA 57.6 57.5625 57.5625 58.0625 58.26667 58.69231 NA NA NA NA NA NA NA NA NA NA NA NA NA NA NA NA NA NA NA NA NA NA NA NA NA NA NA NA NA NA NA NA NA NA NA NA 
