NA NA NA NA NA NA NA NA NA NA NA NA NA NA NA NA NA NA NA NA NA NA NA 312 NA 312 312 NA NA NA NA NA NA NA 311 311.5 NA NA NA NA NA NA NA NA NA NA NA NA NA NA NA NA NA NA NA NA NA NA NA NA NA NA NA NA NA NA NA NA NA NA NA NA NA NA NA NA NA NA NA NA NA NA NA NA NA NA NA NA NA NA NA NA NA NA NA NA NA NA NA NA NA NA NA NA NA NA NA NA NA NA NA NA NA NA NA NA NA NA NA NA NA NA NA NA NA 
NA NA NA NA NA NA NA NA NA NA NA NA NA NA NA NA NA NA NA NA NA 312 312 311.75 311.6875 311.5625 311.4375 311.1875 311 NA NA 311 311 311 311 311.5 312 312 311.9375 311.4546 311 311 NA NA NA NA NA NA NA NA NA NA NA NA NA NA NA NA NA NA NA NA NA NA NA NA NA NA NA NA NA NA NA NA NA NA NA NA NA NA NA NA NA NA NA NA NA NA NA NA NA NA NA NA NA NA NA NA NA NA NA NA NA NA NA NA NA NA NA NA NA NA NA NA NA NA NA NA NA NA NA NA NA NA NA 
NA NA NA NA NA NA NA NA NA NA NA NA NA NA NA NA NA NA NA NA 312 312 312 311 311 311 311 311 311 311 311 311 311 311 311 311.375 311.5 311.3125 311 311 311 311 311 311 NA NA NA NA NA NA NA NA NA NA NA NA NA NA NA NA NA NA NA NA NA NA NA NA NA NA NA NA NA NA NA NA NA NA NA NA NA NA NA NA NA NA NA NA NA NA NA NA NA NA NA NA NA NA NA NA NA NA NA NA NA NA NA NA NA NA NA NA NA NA NA NA NA NA NA NA NA NA NA NA NA 
NA NA NA NA NA NA NA NA NA NA NA NA NA NA NA NA NA NA NA 311.2308 311.1875 311.25 311.25 311 311 311 311 311 311 311 311 311 311 311 311 311 311 311 311 311 311 311 311 310.9375 310.75 NA NA NA NA NA NA NA NA NA NA NA NA NA NA NA NA NA NA NA NA NA NA NA NA NA NA NA NA NA NA NA NA NA NA NA NA NA NA NA NA NA NA NA NA NA NA NA NA NA NA NA NA NA NA NA NA NA NA NA NA NA NA NA NA NA NA NA NA NA NA NA NA NA NA NA NA NA NA NA NA 
NA NA NA NA NA NA NA NA NA NA NA NA NA NA NA NA 311 311 311 311 311 311 311 311 311 311 311 311 311 311 311 311 310.875 310.625 310.75 310.75 311 311 311 311 311 310.9375 310.5625 310.3125 310 310 NA NA NA NA NA NA NA NA NA NA NA NA NA NA NA NA NA NA NA NA NA NA NA NA NA NA NA NA NA NA NA NA NA NA NA NA NA NA NA NA NA NA NA NA NA NA NA NA NA NA NA NA NA NA NA NA NA NA NA NA NA NA NA NA NA NA NA NA NA NA NA NA NA NA NA NA NA NA NA 
NA NA NA NA NA NA NA NA 311 311 NA NA NA NA 311 311 311 311 311 311 311 311 311 310.75 310.75 310.75 310.75 310.75 310.6875 310.5 310.4375 310.25 310.0625 310 310 310.5 311 311 311 310.875 310.625 310.0625 310 310 310 310 NA NA NA NA NA NA NA NA NA NA NA NA NA NA NA NA NA NA NA NA NA NA NA NA NA NA NA NA NA NA NA NA NA NA NA NA NA NA NA NA NA NA NA NA NA NA NA NA NA NA NA NA NA NA NA NA NA NA NA NA NA NA NA NA NA NA NA NA NA NA NA NA NA NA NA NA NA NA NA 
NA NA NA NA NA NA NA NA 310.6875 310.625 310.375 310.375 310.5 310.5 310.5 310.75 310.75 310.75 310.5625 310.5 310.5 310.75 310.6875 310 310 310 310 310 310 310 310 310 310 310 310 310.125 310.1875 310.125 310 310 310 310 310 310 310 310 310 NA NA NA NA NA NA NA NA NA NA NA NA NA NA NA NA NA NA NA NA NA NA NA NA NA NA NA NA NA NA NA NA NA NA NA NA NA NA NA NA NA NA NA NA NA NA NA NA NA NA NA NA NA NA NA NA NA NA NA NA NA NA NA NA NA NA NA NA NA NA NA NA NA NA NA NA NA NA 
NA NA NA NA NA 310 310 310 310 310 310 310 310 310 310 310 310 310 310 310 310 310 310 310 310 310 310 310 310 310 310 310 310 310 310 310 310 310 310 310 310 310 310 310 310 310 309.8125 309.3125 309.75 309.1875 NA NA NA NA NA NA NA NA NA NA NA NA NA NA NA NA NA NA NA NA NA NA NA NA NA NA NA NA NA NA NA NA NA NA NA NA NA NA NA NA NA NA NA NA NA NA NA NA NA NA NA NA NA NA NA NA NA NA NA NA NA NA NA NA NA NA NA NA NA NA NA NA NA NA NA 
NA 310 310 310 310 310 310 310 310 310 310 310 310 310 310 310 310 310 310 310 310 310 310 310 310 310 310 310 310 310 310 310 310 309.875 309.625 309.75 310 310 310 310 310 310 310 309.9375 309.625 309.25 309 309 309 309 309 NA NA NA NA NA NA NA NA NA NA NA NA NA NA NA NA NA NA NA NA NA NA NA NA NA NA NA NA NA NA NA NA NA NA NA NA NA NA NA NA NA NA NA NA NA NA NA NA NA NA NA NA NA NA NA NA NA NA NA NA NA NA NA NA NA NA NA NA NA NA NA NA NA NA 
NA 309.625 309.8125 309.75 309.75 309.75 309.875 310 310 310 309.5625 309.5 309.625 309.6875 309.75 309.75 309.75 309.75 309.75 309.75 309.75 309.75 309.75 309.1875 309.25 309.5 309.4375 309.4375 309.1875 309.0625 309.25 309.125 309 309 309 309.5 309.875 310 309.8125 309.625 309.5 309.3125 309.0625 309 309 309 309 309 309 309 309 309 309 NA NA NA NA NA NA NA NA NA NA NA NA NA NA NA NA NA NA NA NA NA NA NA NA NA NA NA NA NA NA NA NA NA NA NA NA NA NA NA NA NA NA NA NA NA NA NA NA NA NA NA NA NA NA NA NA NA NA NA NA NA NA NA NA NA NA NA NA NA NA NA NA 
NA 309 309 309 309 309 309 309 309 309 309 309 309 309 309 309 309 309 309 309 309 309 309 309 309 309.125 309.25 309.25 309.25 309.125 309.125 309.25 309.25 309.25 309.25 309.1875 309 309.1875 309 309 309 309 309 309 308.875 308.75 308.75 308.75 308.75 308.75 308.75 308.75 308.75 308.75 308.6364 NA NA NA NA NA NA NA NA NA NA NA NA NA NA NA NA NA NA NA NA NA NA NA NA NA NA NA NA NA NA NA NA NA NA NA NA NA NA NA NA NA NA NA NA NA NA NA NA NA NA NA NA NA NA NA NA NA NA NA NA NA NA NA NA NA NA NA NA NA NA 
NA 309 309 309 309 309 309 309 309 309 309 309 309 309 309 309 309 309 309 309 309 309 309 309 309 309 309 309 309 309 309 309 309 309 309 309 308.75 308.875 308.875 308.625 308.5 308.5 308.3125 308.125 308 308 308 308 308 308 308 308 308 308 308 NA NA NA NA NA NA NA NA NA NA NA NA NA NA NA NA NA NA NA NA NA NA NA NA NA NA NA NA NA NA NA NA NA NA NA NA NA NA NA NA NA NA NA NA NA NA NA NA NA NA NA NA NA NA NA NA NA NA NA NA NA NA NA NA NA NA NA NA NA NA 
NA NA 308.8571 308.75 308.75 308.5625 308.5625 308.75 308.625 308.5625 308.75 308.75 308.8125 308.75 308.75 308.8125 309 309 309 309 309 309 309 309 309 309 309 309 309 309 309 309 309 309 309 308.5 308 308 308 308 308 308 308 308 308 308 308 308 308 308 308 308 308 308 307.9375 307.4375 NA NA NA 307 NA NA NA NA NA NA NA NA NA NA NA NA NA NA NA NA NA NA NA NA NA NA NA NA NA NA NA NA NA NA NA NA NA NA NA NA NA NA NA NA NA NA NA NA NA NA NA NA NA NA NA NA NA NA NA NA NA NA NA NA NA NA NA NA NA 
NA NA 308 308 308 308 308 308 308 308 308 308 308 308 308 308 308.0625 308.25 308.4375 308.5 308.5 308.5 308.5625 308.5 308.75 308.875 309 309 309 309 309 309 309 309 309 308.5 308 308 308 308 308 308 308 308 308 308 308 308 308 308 308 308 308 307.625 307.0625 307 307 307 307 307 NA NA NA NA NA NA NA NA NA NA NA NA NA NA NA NA NA NA NA NA NA NA NA NA NA NA NA NA NA NA NA NA NA NA NA NA NA NA NA NA NA NA NA NA NA NA NA NA NA NA NA NA NA NA NA NA NA NA NA NA NA NA NA NA NA 
NA NA NA 308 308 308 308 308 308 308 308 308 308 308 308 308 308 308 308 308 308 308 308 308 308 308 308.0625 308.25 308.25 308.25 308.25 308.25 308.25 308.25 308.4375 308.1875 308 308 308 308 308 308 308 308 308 308 308 308 308 308 307.875 307.5 307.0625 307 307 307 307 307 307 307 NA NA NA NA NA NA NA NA NA NA NA NA NA NA NA NA NA NA NA NA NA NA NA NA NA NA NA NA NA NA NA NA NA NA NA NA NA NA NA NA NA NA NA NA NA NA NA NA NA NA NA NA NA NA NA NA NA NA NA NA NA NA NA NA NA 
NA NA NA NA 307.6364 307.5 307.5 307.375 307.5 307.5 307.5 307.6875 307.75 307.75 307.75 307.8125 308 308 307.875 307.9375 308 308 308 308 308 308 308 308 308 308 308 308 308 308 308 307.875 307.875 307.8125 307.8125 308 308 308 308 308 308 307.8125 307.75 307.625 307.375 307.125 307 307 307 307 307 307 307 307 307 307 NA NA NA NA NA NA NA NA NA NA NA NA NA NA NA NA NA NA NA NA NA NA NA NA NA NA NA NA NA NA NA NA NA NA NA NA NA NA NA NA NA NA NA NA NA NA NA NA NA NA NA NA NA NA NA NA NA NA NA NA NA NA NA NA NA 
NA NA NA NA 307 307 307 307 307 307 307 307 307 307 307 307 307 307 307 307 307.1875 307.5 307.75 307.75 308 307.875 308 308 308 308 308 308 308 308 308 307.5 307 307 307 307 307 307.1875 307.125 307 307 307 307 307 307 307 307 307 307 307 307 307 307 307 307 NA NA NA NA NA NA NA NA NA NA NA NA NA NA NA NA NA NA NA NA NA NA NA NA NA NA NA NA NA NA NA NA NA NA NA NA NA NA NA NA NA NA NA NA NA NA NA NA NA NA NA NA NA NA NA NA NA NA NA NA NA NA NA NA NA NA 
NA NA NA 307 307 307 307 306.875 306.75 306.75 306.875 307 307 307 307 307 307 307 307 307 307 307 307 307 307 307 307 307.125 307.25 307.375 307.5 307.5625 307.75 307.875 308 307.5 307 307 307 307 307 307 307 307 307 307 307 307 307 307 307 307 307 307 307 307 307 307 307 NA NA NA NA NA NA NA NA NA NA NA NA NA NA NA NA NA NA NA NA NA NA NA NA NA NA NA NA NA NA NA NA NA NA NA NA NA NA NA NA NA NA NA NA NA NA NA NA NA NA NA NA NA NA NA NA NA NA NA NA NA NA NA NA NA NA 
NA NA 306.1818 306.125 306 306 306 306 306 306 306 306.1875 306.25 306.25 306.4375 306.5 306.5 306.75 306.75 307 307 307 307 307 307 307 307 307 307 307 307 307 307 307 307 307 307 307 307 307 307 307 307 307 307 307 307 307 307 307 307 307 307 307 307 307 307 307 307 307 NA NA NA NA NA NA NA NA NA NA NA NA NA NA NA NA NA NA NA NA NA NA NA NA NA NA NA NA NA NA NA NA NA NA NA NA NA NA NA NA NA NA NA NA NA NA NA NA NA NA NA NA NA NA NA NA NA NA NA NA NA NA NA NA NA 
NA NA NA 306 305.75 NA NA 305.7692 305.9375 306 306 306 306 306 306 306 306 306 306 306 306 306.25 306.4375 306.5625 306.75 306.875 307 307 307 307 307 307 307 307 307 306.9375 306.875 307 307 307 307 307 307 307 307 307 307 307 307 307 307 307 307 307 307 307 307 307 307 307 NA NA NA NA NA NA NA NA NA NA NA NA NA NA NA NA NA NA NA NA NA NA NA NA NA NA NA NA NA NA NA NA NA NA NA NA NA NA NA NA NA NA NA NA NA NA NA NA NA NA NA NA NA NA NA NA NA NA NA NA NA NA NA NA NA 
NA NA NA NA NA NA NA NA 305 305 305.3125 305.625 305.75 305.75 305.875 306 306 306 306 306 306 306 306 306 306 306 306 306.25 306.375 306.5 306.75 306.9375 307 307 307 306.5 306 306.125 306.3125 306.3125 306.5 306.875 307 307 307 307 307 307 307 307 307 307 307 307 307 307 307 307 306.9333 NA NA NA NA NA NA NA NA NA NA NA NA NA NA NA NA NA NA NA NA NA NA NA NA NA NA NA NA NA NA NA NA NA NA NA NA NA NA NA NA NA NA NA NA NA NA NA NA NA NA NA NA NA NA NA NA NA NA NA NA NA NA NA NA NA NA 
NA NA NA NA NA 305 305 305 305 305 305 305 305 305 305 305 305.0625 305.25 305.375 305.5 305.75 305.9375 306 306 306 306 306 306 306 306 306 306.0625 306.25 306.25 306.5 306.3125 306 306 306 306 306 306 306 306.25 306.3125 306.5 306.6875 306.75 306.625 306.75 306.75 306.75 306.75 306.6875 306.5625 306.5 306.4375 306.1875 306 306 306 NA NA NA NA NA NA NA NA NA NA NA NA NA NA NA NA NA NA NA NA NA NA NA NA NA NA NA NA NA NA NA NA NA NA NA NA NA NA NA NA NA NA NA NA NA NA NA NA NA NA NA NA NA NA NA NA NA NA NA NA NA NA NA NA 
NA NA NA NA NA 304.4445 304.25 304.25 304.25 304.25 304.5 304.875 304.9375 305 305 305 305 305 305 305 305 305 305.0625 305.3125 305.5 305.75 306 306 306 306 306 306 306 306 306 306 306 306 306 306 306 306 306 306 306 306 306 306 306 306 306 306 306 306 306 306 306 306 306 306 306 306 NA NA NA NA NA NA NA NA NA NA NA NA NA NA NA NA NA NA NA NA NA NA NA NA NA NA NA NA NA NA NA NA NA NA NA NA NA NA NA NA NA NA NA NA NA NA NA NA NA NA NA NA NA NA NA NA NA NA NA NA NA NA NA 
NA NA NA NA NA NA 304 304 304 304 304 304 304 304.0625 304.25 304.25 304.25 304.4375 304.5625 304.75 305 305 305 305 305 305 305 305.1875 305.25 305.25 305.25 305.25 305.25 305.4375 305.625 305.9375 306 306 306 306 306 306 306 306 306 306 306 306 306.75 306.75 306.75 306.75 306.75 306.75 306.75 306.75 306.75 306.75 306.75 306.75 306.375 306 306 NA NA NA NA NA NA NA NA NA NA NA NA NA NA NA NA NA NA NA NA NA NA NA NA NA NA NA NA NA NA NA NA NA NA NA NA NA NA NA NA NA NA NA NA NA NA NA NA NA NA NA NA NA NA NA NA NA NA NA NA NA NA 
NA NA NA NA NA 303.2667 303.25 303.5 303.25 303.375 303.5 303.75 303.8125 304 304 304 304 304 304 304 304 304.25 304.5 304.0625 304.3125 304.5625 304.875 305 305 305 305 305 305 305 305 305 305.125 305.5 305.6875 306 306 306 306 306 306 306 306 306 306.25 306.4375 306.75 307 307 307 307 307 307 307 307 307 306.5 306 306 306 NA NA NA NA NA NA NA NA NA NA NA NA NA NA NA NA NA NA NA NA NA NA NA NA NA NA NA NA NA NA NA NA NA NA NA NA NA NA NA NA NA NA NA NA NA NA NA NA NA NA NA NA NA NA NA NA NA NA NA NA NA 
NA NA NA NA NA NA 303 303 303 303 303 303 303 303 303.1875 303.4375 303.625 303.8125 304 304 304 304 304 304 304 304 304 304.1875 304.4375 304.8125 305 305 305 305 305 305 305 305 305 305.0625 305.3125 305.75 306 306 306 306 306 306 306 306 306 306.0625 306.375 306.625 306.6875 306.75 307 307 307 307 306.5 306 306 306 306 306 NA NA NA NA NA NA NA NA NA NA NA NA NA NA NA NA NA NA NA NA NA NA NA NA NA NA NA NA NA NA NA NA NA NA NA NA NA NA NA NA NA NA NA NA NA NA NA NA NA NA NA NA NA NA NA NA NA NA NA 
NA NA NA NA NA NA NA NA NA 302.4375 302.625 302.75 302.9375 303 303 303 303 303 303 303.3125 303.5625 303.875 304 303.875 304 304 304 304 304 304 304 304.3125 304.5625 304.875 305 305 305 305 305 305 305 305 305.0625 305.5 305.9375 306 306 306 306 306 306 306 306 306 306 306 306.5 306.875 307 307 306.5 306 306 306 306 306 306 305.7692 NA NA 305 NA NA NA NA NA NA NA NA NA NA NA NA NA NA NA NA NA NA NA NA NA NA NA NA NA NA NA NA NA NA NA NA NA NA NA NA NA NA NA NA NA NA NA NA NA NA NA NA NA NA NA NA NA NA 
NA NA NA NA NA NA NA NA NA NA 302 302 302 302.125 302.3125 302.5 302.8125 303 303 303 303 303 303.0625 303 303.1875 303.5 303.875 304 304 304 304 304 304 304 304.25 304.75 305 305 305 305 305 305 305 305 305.125 305.5 305.6875 306 306 306 306 306 306 306 306 306 306 306 306.3125 306.75 306.5 306 306 306 306 306 306 305.9375 305 305 305 305 NA NA NA NA NA NA NA NA NA NA NA NA NA NA NA NA NA NA NA NA NA NA NA NA NA NA NA NA NA NA NA NA NA NA NA NA NA NA NA NA NA NA NA NA NA NA NA NA NA NA NA NA NA 
NA NA NA NA NA NA NA NA NA NA NA NA NA 302 302 302 302 302.0833 302.2667 302.3125 302.5 302.6875 303 303 303 303 303 303.1875 303.5625 303.75 303.75 303.6875 303.8125 304 304 304 304.3125 304.75 305 305 305 305 305 305 305 305 305 305.375 306 306 306 306 306 306 306 306 306 306 306 306 306.0625 306 306 306 306 306 306 306 305.25 305 305 305 305 NA 304 NA NA NA NA NA NA NA NA NA NA NA NA NA NA NA NA NA NA NA NA NA NA NA NA NA NA NA NA NA NA NA NA NA NA NA NA NA NA NA NA NA NA NA NA NA NA NA NA NA NA 
NA NA NA NA NA NA NA NA NA NA NA NA NA NA NA NA NA NA NA 302 302 302 302 302 302 302.0625 302.25 302.5625 303 302.9375 303 303.0625 303.125 303.3125 303.875 304 304 304 304.3125 304.625 304.75 305 305 305 305 305 305 305 306 306 306 306 306 306 306 306 306 306 306 306 306 306 306 306 306 306 306 306 305.625 305 305 305 305 304.6875 304 304 304 304 304 NA NA NA NA NA NA NA NA NA NA NA NA NA NA NA NA NA NA NA NA NA NA NA NA NA NA NA NA NA NA NA NA NA NA NA NA NA NA NA NA NA NA NA NA NA NA 
NA NA NA NA NA NA NA NA NA NA NA 300.5714 300.6364 300.875 301 301 301 NA 301.0909 301.625 302 302 302 301.9375 302 302.25 302.4375 302.3125 302.6875 302.875 303 303 303 303 303.0625 303.5 303.75 303.9375 304 304 304 304 304.375 304.9375 305 305 305 305 305.8125 306 306 306 306 306 306 306 306 306 306 306 306 306 306 306 306 306 306 306 306 305 305 305 305 304.625 304.0625 304 304 304 304 304 304 NA NA NA NA NA NA NA NA NA NA NA NA NA NA NA NA NA NA NA NA NA NA NA NA NA NA NA NA NA NA NA NA NA NA NA NA NA NA NA NA NA NA NA NA 
NA NA NA NA NA NA NA NA 299.5 NA 300 300 300 300 300 300.6875 300.75 300.875 301 301 301.375 301.625 301.8125 301.6875 301.9375 302 302.3125 302.4375 302.375 302.4375 302.9375 302.8125 303 303 303.1875 303.375 303.8125 304 304 304 304 304 304 304.1875 304.9375 305 305 305 305.0625 305.8125 306 306 306 306 306 306 306 306 306 306 306 306 306 306 306 306 306 306 306 305.375 305 305 305 305 304.375 304 303.9375 303.875 303.75 303.875 303.4286 NA NA NA NA NA NA NA NA NA NA NA NA NA NA NA NA NA NA NA NA NA NA NA NA NA NA NA NA NA NA NA NA NA NA NA NA NA NA NA NA NA NA NA NA 
NA NA NA NA NA NA NA NA 299 299 299.25 299.5625 299.75 299.9375 300 300 300 300 300.375 300.9375 301 301 301 301 301 301 301.3125 301.9375 302 302 302.0625 302.625 303 303 303 303 303.1875 304 304 304 304 304 304 304 304.1875 304.9375 305 305 305 305.0625 305.6875 306 306 306 306 306 306 306 306 306 306 306 306 306 306 306 306 306 306 305.8125 305.0625 305 305 305 304.6875 304.1875 304 304 304 304 NA NA NA NA NA NA NA NA NA NA NA NA NA NA NA NA NA NA NA NA NA NA NA NA NA NA NA NA NA NA NA NA NA NA NA NA NA NA NA NA NA NA NA NA NA 
NA NA NA NA NA NA NA NA NA 298.8125 299 299 299 299.0625 299.375 299.75 300 300 300 300 300.3125 300.625 301 301 301 301 301 301.3125 301.9375 302 302 302.125 302.4375 302.9375 303 303 303 303.1875 303.8125 304 304 304 304 304 304.0625 304.1875 304.9375 305 305 305 305.1875 306 306 306 306 306 306 306 306 306 306 306 306 306 306 306 306 306 306 305.9375 305.125 305 305 305 305 305 304.75 304.0625 304 NA NA NA NA NA NA NA NA NA NA NA NA NA NA NA NA NA NA NA NA NA NA NA NA NA NA NA NA NA NA NA NA NA NA NA NA NA NA NA NA NA NA NA NA NA NA 
NA NA NA NA NA NA NA NA 298 298 298.125 298.5625 298.875 299 299 299 299.1875 299.625 300 300 300 300 300.1875 300.375 301 301 301 301 301.3125 301.9375 302 302 302 302.1875 302.9375 303 303 303 303 303.5625 304 304 304 304 304 304.1875 304.375 305 305 305 305 305.625 306 306 306 306 306 306 306 306 306 306 306 306 306 306 306 306 306 305.9375 305 305 305 305 305 305 304.8125 304.1429 304 NA NA NA NA NA NA NA NA NA NA NA NA NA NA NA NA NA NA NA NA NA NA NA NA NA NA NA NA NA NA NA NA NA NA NA NA NA NA NA NA NA NA NA NA NA NA 
NA NA NA NA NA NA NA NA 297.6667 297.9375 298 298 298 298.125 298.75 299 299 299 299.0625 299.6875 300 300 300 300 300.375 300.9375 301 301 301 301.3125 301.9375 302 302 302 302.375 302.9375 303 303 303 303.0625 303.8125 304 304 304 304 304.0625 304.5625 305 305 305 305 305.0625 305.9375 306 306 306 306 306 306 306 306 306 306 306 306 306 306 306 306 306 305.75 305.25 305.1875 305 305 305 305 NA NA NA NA NA NA NA NA NA NA NA NA NA NA NA NA NA NA NA NA NA NA NA NA NA NA NA NA NA NA NA NA NA NA NA NA NA NA NA NA NA NA NA NA NA NA NA NA 
NA NA NA NA NA NA NA NA 297.2 NA 297.6875 297.9375 298 298 298 298.375 298.8125 299 299 299 299.4375 299.9375 300 300 300 300.5 300.9375 301 301 301.125 301.8125 302 302 302 302.25 302.9375 303 303 303 303 303.625 304 304 304 304 304.125 305 305 305 305 305 305 305.4375 306 306 306 306 306 306 306 306 306 306 306 306 306 306 306 306 306 306 305.9375 305.3125 305 305 305 305 305 NA NA NA NA NA NA NA NA NA NA NA NA NA NA NA NA NA NA NA NA NA NA NA NA NA NA NA NA NA NA NA NA NA NA NA NA NA NA NA NA NA NA NA NA NA NA NA 
NA NA NA NA NA NA NA NA NA 297 297 297 297.3125 297.5625 297.9375 298 298 298.375 298.875 299 299 299.0625 299.5 299.9375 300 300 300.125 300.8125 301 301 301.0625 301.6875 302 302 302 302.0625 302.5 303 303 303 303 303.6875 304 304 304 304 304.5625 305 305 305 305 305 305 305.625 306 306 306 306 306 306 306 306 306 306 306 306 306 306 306 306 306 305.75 305 305 305 305 305 305 305 305 305 NA NA NA NA NA NA NA NA NA NA NA NA NA NA NA NA NA NA NA NA NA NA NA NA NA NA NA NA NA NA NA NA NA NA NA NA NA NA NA NA NA NA NA NA 
NA NA NA NA NA 295.5 295.9231 NA 296 296.2308 NA NA 297 NA 297.125 297.7143 298 298 298 298.375 298.9375 299 299 299.0625 299.625 300 300 300 300.5625 301 301 301 301.5625 302 302 302 302 302.6875 303 303 303 303.0625 304 304 304 304 304.125 305 305 305 305 305 305 305.0625 305.5625 306 306 306 306 306 306 306 306 306 306 306 306 306 306 306 306 305.8125 305 305 305 305 305 305 305 305 305 304.875 NA NA NA NA NA NA NA NA NA NA NA NA NA NA NA NA NA NA NA NA NA NA NA NA NA NA NA NA NA NA NA NA NA NA NA NA NA NA NA NA NA NA NA 
NA NA NA NA NA NA 295 295.4286 NA NA NA NA NA NA NA NA 297.1818 297.75 298 298 298.0625 298.625 299 299 299 299.3125 299.9375 300 300 300.375 301 301 301 301.5 302 302 302 302.0625 302.8125 303 303 303 303.4375 304 304 304 304 304.5625 305 305 305 305 305 305 305 305.8125 306 306 306 306 306 306 306 306 306 306 306 306 306 306 306 306 305.4375 305 305 305 305 305 305 305 NA NA NA NA NA NA NA NA NA NA NA NA NA NA NA NA NA NA NA NA NA NA NA NA NA NA NA NA NA NA NA NA NA NA NA NA NA NA NA NA NA NA NA NA NA 
NA NA NA NA NA NA NA NA NA NA NA NA NA NA NA NA 297 297 297.25 297.875 298 298 298.375 298.875 299 299 299.25 299.9375 300 300 300.375 301 301 301 301.625 302 302 302 302.125 303 303 303 303 303.5625 304 304 304 304 304.6875 305 305 305 305 305 305 305.0625 305.8125 306 306 306 306 306 306 306 306 306 306 306 306 306 306 306 306 305.0625 305 305 NA NA NA NA NA NA NA NA NA NA NA NA NA NA NA NA NA NA NA NA NA NA NA NA NA NA NA NA NA NA NA NA NA NA NA NA NA NA NA NA NA NA NA NA NA NA NA NA NA 
NA NA NA NA NA NA NA NA NA NA NA NA NA NA NA 296.0667 296.5 297 297 297.0625 297.6875 298 298 298.0625 298.8125 299 299 299.1875 299.8125 300 300 300.3125 300.9375 301 301.0625 301.6875 302 302 302 302.375 303 303 303 303.1875 303.875 304 304 304 304.1875 304.5 304.625 304.5 305 305 305 305 305.0625 305.8125 306 306 306 306 306 306 306 306 306 306 306 306 306 306 306 305.625 305.4375 305 304.9286 NA NA NA NA NA NA NA NA NA NA NA NA NA NA NA NA NA NA NA NA NA NA NA NA NA NA NA NA NA NA NA NA NA NA NA NA NA NA NA NA NA NA NA NA NA NA NA NA 
NA NA NA NA NA NA NA NA NA NA NA NA NA NA NA 296 296 296.1875 296.8125 297 297 297.4375 298 298 298 298.5625 299 299 299.0625 299.8125 300 300 300.375 301 301 301 301.4375 302 302 302 302.6875 303 303 303 303.4375 304 304 304 304 304 304.125 304.8125 304.9375 304.8125 304.9375 305 305 305.1875 305.875 306 306 306 306 306 306 306 306 306 306 306 306 306 306 305.9375 305.1875 305.0625 305 305 304.875 305 305 305 NA NA NA NA NA NA NA NA NA NA NA NA NA NA NA NA NA NA NA NA NA NA NA NA NA NA NA NA NA NA NA NA NA NA NA NA NA NA NA NA NA NA NA 
NA NA NA NA NA NA NA NA NA NA NA NA NA NA NA 295.2667 295.9375 296 296.0625 296.625 297 297 297.25 297.8125 298 298 298.25 298.9375 299 299.0625 299.75 300 300 300.5625 301 301 301 301.8125 302 302 302.0625 302.8125 303 303 303.125 303.5 303.875 304 304 304 304.1875 304.3125 304 304 304.8125 304.75 305 305 305.1875 305.8125 306 306 306 306 306 306 306 306 306 306 306 306 306 305.6875 305.25 305.5 305.0625 305 305 304.8125 304.875 305 305 305 NA NA NA NA NA NA NA NA NA NA NA NA NA NA NA NA NA NA NA NA NA NA NA NA NA NA NA NA NA NA NA NA NA NA NA NA NA NA NA NA NA 
NA NA NA NA NA NA NA NA NA NA NA NA NA NA NA 295 295.125 295.75 296 296 296.4375 296.9375 297 297.0625 297.5625 298 298 298.3125 299 299 299 299.5 299.9375 300 300.6875 301 301 301.1875 301.9375 302 302 302.1875 303 303 303 303 303.4375 304 303.875 303.8125 304 304 304.0625 304.25 304.5625 304.875 304.5625 305 305 305 305.75 306 306 306 306 306 306 306 306 306 306 305.8125 305.8125 305.9375 306 305.875 305.25 305.125 305 305.125 304.875 305 305 305 NA NA NA NA NA NA NA NA NA NA NA NA NA NA NA NA NA NA NA NA NA NA NA NA 301.3333 300.8182 NA NA NA NA NA NA NA NA NA NA NA NA NA NA NA 
NA NA NA NA NA NA NA NA NA NA NA NA NA NA 294.0625 294.5 294.75 295 295.1875 295.4375 296 296 296.6875 297 297 297.6875 298 298 298 298.875 299 299 299.4375 300 300.0625 300.9375 301 301 301.375 302 302 302 302.6875 302.75 302.9375 303 303.5625 304 303.875 303.4375 303.5625 304 304 304 304.75 304.4375 304.8125 304.9375 305 305 305.375 305.75 305.8125 305.9375 306 306 306 306 306 306 306 306 306 306 306 306 305.875 305.125 305 305 305 305 305 304.6 NA NA NA NA NA NA NA NA NA NA NA NA NA NA NA NA NA NA NA NA NA NA 302 301.9231 302.25 302.125 300.9333 NA NA NA NA NA NA NA NA NA NA NA NA NA NA 
NA NA NA NA NA NA NA NA NA NA NA NA NA 293.8333 294 294 294 294.25 294.9375 295 295.375 296 296.1875 296.9375 297 297.0625 297.625 298 298 298.25 299 299 299.0625 299.625 300 300.375 301 301 301.0625 301.8125 302 302 302 302.125 303 303 303.1875 303.8125 303.6875 303.875 303.6875 304 304 304 304.375 304.4375 304.375 304.9375 305 305 305.3125 305.75 305.9375 305.9375 305.8125 306 306 306 306 306 306 306 306 306 306 306 306 305.9375 305.875 305.125 305 305 305 305 304.75 304.5625 304.5 304.0667 304 303.8667 303.5333 303.6667 303.4 303.375 NA NA NA NA NA NA NA NA NA NA 303 303.5 303.6875 303.375 303.125 303 302.3125 301.5625 301.625 NA NA NA NA NA NA NA NA NA NA NA NA 
NA NA NA NA NA NA NA NA NA NA NA NA 293 293.0625 293.5625 293.5 294 294.1875 294.6875 294.75 295.375 295.3125 296 296.0625 296.5625 297 297 297.5625 298 298 298.5 299 299.125 299.8125 300 300 300.4375 301 301 301.0625 301.9375 302 302 302.3125 302.75 303 303 303.1875 303 303.375 304 303.625 304 304 304 304.25 304.375 304.8125 304.9375 305 305.25 305.5625 305.8125 305.9375 305.875 306 306 306 306 306 306 306 306 306 306 306 306 306 305.5625 305.6875 305 305 305 305 304.9375 305 305.0625 305 304.875 305.0625 304.4375 304.1875 303.9375 304.0625 303.5 303.2727 NA NA NA NA NA NA NA NA 303.625 304 304 303.875 303.625 303 302.5625 302.5 302.375 302 302 302 NA NA NA NA NA NA NA NA NA 
NA NA NA NA NA NA NA NA NA NA NA 292.5 293 293.1875 293.375 293.75 294 294.3125 294.5 294.875 295 295.75 296 296 296 296.6875 297 297.125 297.8125 298 298 298.9375 299 299.1875 299.6875 300 300.0625 300.625 301 301 301.1875 301.8125 302 302.0625 302.25 302.5625 302.875 303 303 303.1875 304 303.6875 303.75 304 304 304 304 304.0625 304.4375 304.875 305.3125 305.75 305.75 305.75 305.875 306 306 306 306 306 306 306 306 306 306 306 306 306 306 306 305.5625 305.0625 305 305 305.375 304.9375 305.3125 305.375 305.3125 305.1875 305.5625 305.3125 304.625 304.75 304.375 303.9375 NA NA NA NA NA NA NA 303.4 304.0625 304 304 303.25 303.1875 303 302.4375 302.375 302.25 302.125 302 302 301.75 301 NA NA NA NA NA NA NA 
NA NA NA NA NA NA NA NA NA NA NA 292.1429 292.625 293 293 293.125 293.8125 294 294.625 295 295 295.4375 296 295.6875 296 296.375 297 297 297.0625 297.75 298 298.0625 299 299 299.25 300 300 300 300.625 301 301 301.125 301.8125 301.8125 302 302 302.125 302.875 303 303.0625 303.6875 304 303.8125 303.8125 304 304 304 304.3125 304.9375 305 305.4375 306 306 306 306 306 306 306 306 306 306 306 306 306 306 306 306 306 306 306 306 305.8125 305.125 305.0625 305 304.9375 305.75 305.5625 305.125 305.5 305.75 305.125 305.375 305.625 305.1875 304.0625 303.5385 NA NA NA NA NA 303.4286 304.3125 304.6875 304.375 304 303.875 303.625 303 303 302.9375 302.2727 NA NA 302 302 301.8667 NA NA NA NA NA NA NA 
NA NA NA NA NA NA NA NA NA 290.5 290.875 291.25 292 292.625 293 293 293.125 293.75 294 294.5 294.9375 295.0625 295.8125 295.3125 295.9375 296.125 296.625 297 297 297.5 297.875 298 298.3125 299 299 299.5 300 300 300 300.5625 301 301 301.375 302 302 302 302 302.5 303 303 303.125 303.5625 303.5625 303.375 303.625 304 304.1875 304.625 305 305 305.5 306 306 306 306 306 306 306 306 306 306 306 306.0625 306 306 306 306 306 306.0625 306 306 306.0625 306.1875 305.5 305.1875 305.625 305.5625 305.8125 306 305.9375 305.625 305.875 305.875 305.8125 304.875 304.75 304.625 303.6923 NA NA NA 303.375 304.1875 305 305 304.5625 303.875 303.5625 303.75 303 303.25 303.125 NA NA NA NA NA NA NA NA NA NA NA NA NA 
NA NA NA NA NA NA NA NA NA NA 290.625 291.5625 291.625 292.125 292.375 293 293 293.5625 293.8125 294 294.4375 295 295.3125 295 295.3125 296 296 296.125 296.5625 296.9375 297.0625 297.9375 298 298.75 299 299 299.75 300 300 300.1875 301 301 301 301.3125 301.8125 302 302 302.25 303 303 303.0625 303.0625 303.5 303.125 303.5 304 304 304 304.8125 305 305.5 306 306 306 306 306 306 306 306 306 306 306 306 306 306 306 306.1875 306.4375 306.4375 306.0625 306.0625 306.4375 306.8125 306 305.8125 305.875 306 306 305.9375 305.5625 305.625 306.0625 306 306 305.875 305.625 305.0625 304.6875 304.1333 304 304.1111 304 305.1875 305.5625 305.25 305 304.875 304.0625 303.875 303.5 304 NA NA NA NA NA NA NA NA NA NA NA NA NA NA 
NA NA NA NA NA NA NA NA NA NA 290 290.5 291.375 292.3125 292.25 292.8125 293 293.5625 293.4375 293.875 294 294.8125 295 295 295 295.5625 296 296.5625 296.75 297 297.5 298 298 298.3125 299 299 299 299.6875 300 300 300.375 301 301 301 301.3125 301.3125 302 302 302.6875 303 303 303 303 303.125 303.75 304 304 304.1875 304.6875 305 305.25 306 306 306 306 306 306 306 306 306 306.0625 306 306.1875 306.4375 306 306 306.125 306.875 307 306.1875 306.125 306.25 306.6875 306.5 306 306.1875 306.125 306 306.0625 306.0625 306.125 305.625 306.375 306.4375 306.375 306.25 305.875 304.875 305.25 304.75 304.5625 304.9375 305.8125 305.25 305.1875 305.5 305 304.8125 304.3125 304 NA NA NA NA NA NA NA NA NA NA NA NA NA NA NA 
NA NA NA NA NA NA NA NA NA 289 289.5625 290.25 290.9375 291.6875 292.3125 292.6875 293 293.0625 293.0625 293.5625 294 294 294.625 294.6875 295 295.375 296 296.375 297 297 297 297.375 297.875 298 298.1875 298.9375 299 299.375 300 300 300.3125 300.9375 301 301 301 301 301.5 301.875 302 302.1875 302.875 303 303 303.0625 303.75 304 304 304 304.0625 304.9375 305 305.6875 306 306 306 306 306 306 306 306.0625 306.875 306.0625 306 306 306.125 306.1875 306 306.375 306.875 306.4375 306.6875 306.6875 307 307 306.8125 306.75 306.3125 306 306.625 306.3125 306.5625 305.6875 306.0625 306.25 306.125 306.125 306.625 306.0625 305.9375 305.625 305 305.375 306.0625 306 305.8125 305.5 305.125 305 304.75 304.625 NA NA NA NA NA NA NA NA NA NA NA NA NA NA NA 
NA NA NA NA NA NA NA NA NA 288.8125 289.6875 290.125 291.0625 291.9375 291.6875 292.0625 292.4375 292.875 293 293.625 294 294 294.125 294.0625 294.9375 295.3125 296 296.1875 296.875 297 297 297.375 297.9375 298 298.375 298.875 299 299 299.625 300 300 300.0625 300.5625 301 301 301.375 301.5625 301.8125 302 302.5625 302.625 303 303 303 303.5 304 304 304 304 304.25 304.9375 305.375 306 306 306 306 306 306 306 306.8125 307 306.4375 306 306.4375 306.25 306.625 306.625 306.625 306.8125 307 307 306.875 306.9375 307.125 307.0625 306.5 306.4375 306.8125 306.25 307 307.0625 306.875 306.25 306.875 306.8125 306.1875 306.3125 306 306.625 306.125 305.375 305.5625 306.3125 306.125 306 305.9375 305.5 305.375 305.3125 305 305 NA NA NA NA NA NA NA NA NA NA NA NA NA NA 
NA NA NA NA NA NA NA NA NA 288.4167 289.0625 289.9375 290.75 291.25 291.8125 292.1875 292.4375 292.6875 293.125 293.1875 293.75 293.875 294.125 294.0625 294.25 294.9375 295.5 296 296.125 296.6875 297 297.375 298 298 298.0625 298.8125 299 299 299.125 299.875 300 300 300.625 301 301.125 301.4375 301.5625 301.625 302 302 302.375 302.8125 303 303 303.3125 304 304 304 304 304.375 305 305.625 305.875 305.9375 306 306 306 306 306.125 307 307 306.5 306.25 306.875 306.5 306.8125 307 306.9375 307 307 307 306.875 307.25 307.125 307.1875 307.4375 307.75 307.4375 307.125 306.9375 307.1875 307 307.1875 307.0625 307.4375 307 306.125 306 306.6875 306.5625 305.75 306 306.6875 306.6875 306.3125 306.125 306 306 306 305.375 305.375 NA NA NA NA NA NA NA NA NA NA NA NA NA NA 
NA NA NA NA NA NA NA NA NA NA 288.7857 289.625 290.0625 290.5625 291.125 291.625 292.25 293.375 293.3125 293 293.625 293.5625 294.25 294 294.75 295 295.6875 296 296 296.0625 296.9375 297.0625 297.4375 297.875 298 298 298.5 299 299.125 299.875 300 300 300 300.8125 301 301 301.3125 302 302.125 302.1875 302.4375 302.4375 302.625 303 303.0625 303.9375 303.9375 304 304.0625 304.6875 305 305.0625 305.3125 306 306 306 306 306 306 307 307 306.75 306.25 307 306.8125 307 307 307 307 307 307 307.0625 307 306.875 307.4375 307.25 307.8125 307.625 308 308.0625 307.9375 307.5625 307.5625 307.5625 307.9375 308 306.9375 306 306.5625 306.625 306.75 306.8125 307 307 306.9375 306.625 306.1875 306.25 306.5 306 305.9375 305.8125 NA NA NA NA NA NA NA NA NA NA NA NA NA 
NA NA NA NA NA NA NA NA NA NA NA NA 289 289.9091 290.2 290.9286 291.8125 292.375 292.875 293.875 293.5625 294.0625 294.25 294.0625 294.875 294.9375 295.25 295.8125 296 296.0625 296.375 296.9375 297 297.4375 298 298 298.5625 299 299 299.375 300 300 300 300.5 301 301 301.3125 301.8125 302 302 302.8125 303 302.75 303.125 303 303.125 303.75 304 304 304.25 305 305.0625 305.75 306 306 306 306 306 306.125 307 307 306.8125 306.375 307 307 307 307 307 307 307 306.8125 306.8125 306.3125 306.875 307.4375 307.3125 307.5625 307.875 308 307.9375 308.0625 308.1875 308.0625 308 308 308.125 307.8125 306.5625 307.125 307 307.125 307.5 307 307.0625 307.25 307 307 307 306.625 306.25 306 306 306 306 306 306 NA NA NA NA NA NA NA NA NA 
NA NA NA NA NA NA NA NA NA NA NA NA NA NA NA NA 291.4375 291.875 292.75 292.9375 293.375 294.4375 295.0625 294.8125 295.25 294.9375 295.6875 296 296.0625 296.5625 296.8125 296.75 297 297.375 298 298 298.25 298.5 299 299 299.625 300 300 300.1875 301 301 301 301.1875 302 302 302.375 303 303 303.125 303.625 303.5 303.625 304 304 304 304.6875 305.1875 305.5 305.3125 305.9375 306 306 306 306.3125 307 307 306.875 306.8125 307 307 307 307 307 307 307.25 307.5 306.875 306.75 306.6875 307.3125 307.5 307.6875 308 308 307.9375 308.0625 308.4375 308.6875 308.375 308.0625 308 307.875 307 307.9375 307.9375 307.75 308 307.4375 307.25 307.8125 307.375 307 307 307 306.875 306.25 306.5 306.9375 306.4375 306.25 306.2143 NA NA NA NA NA NA NA NA NA 
NA NA NA NA NA NA NA NA NA NA NA NA NA NA NA NA 291.4615 291.875 292.3125 293.125 293.5625 294.1875 295.0625 294.5 295.75 295.375 295.5 295.6875 296.5 296.9375 296.9375 296.625 297 297.375 297.9375 298.125 298.6875 299 299 299 299.25 300 299.9375 300 300.5625 300.875 301.125 301.625 302 302.1875 302.9375 303 303 303.3125 303.625 303.0625 303.5625 304 304 304.25 304.8125 305.75 305.5 305.6875 306 306 306 306 306.0625 307 306.875 306.625 306.8125 307 307 307 307.0625 307.25 307 307.9375 308 307.5625 307.125 306.1875 307.625 308 307.625 307.625 307.625 307.8125 308 308.5 308.5625 308.6875 308.875 308.5 308.5625 307.25 307.9375 308 308 308.125 308.5 307.9375 308 308 307.875 308 307.5 307.0625 306.6875 306.8125 307 307 307 NA NA NA NA NA NA NA NA NA NA 
NA NA NA NA NA NA NA NA NA NA NA NA NA NA NA NA NA 291.2727 292.1875 292.625 293.8125 294.5625 295.5 295.5625 296.125 296.5625 295.6875 296.625 296.5 297.0625 297.125 296.5 297.6875 297.9375 297.8125 298.0625 298.5625 298.875 299.25 299.4375 299.3125 299.25 299.6875 300.3125 300.1875 300.9375 301.0625 301.25 301.875 302.4375 302.875 302.5 303 303 303.125 303.6875 303.25 303.9375 304.0625 304.5625 305.1875 305.5 305.625 305.75 305.8125 306 306 306 306.125 306.5625 306.625 306.9375 306.875 307 307 307 307 307 307.0625 307.9375 307.875 307.8125 307.375 306.6875 308.125 308.375 308.0625 308.0625 308 308.1875 308.5 308.8125 308.5625 308.9375 308.8125 308.0625 308.1875 308.1875 308.625 308.625 308 308 308.375 308.4375 308 308 308 308 307.75 307.5 307.125 307 307 307 NA NA NA NA NA NA NA NA NA NA NA 
NA NA NA NA NA NA NA NA NA NA NA NA NA NA NA NA NA NA 291.3 NA 292.6875 293.6875 295 296.125 296.875 297 297.4375 297.75 297.3125 297.8125 297.8125 297.375 297.8125 298.25 298.625 299.125 299.0625 299 299.1875 299.75 300.0625 300.25 300.25 300.625 300.8125 300.625 301.1875 301.375 301.9375 302.1875 303 303.375 303.5625 303.125 303 303.0625 303.75 304 304.125 304.8125 305 305 305 305.125 305.0625 305.625 305.6875 306 306 306 306.375 306.875 307 307 307 307 307 307 307.0625 307.8125 307.5625 307.6875 307.75 307.5 308.5 309.5625 309.5 309.4375 309.3125 309.125 309 309.3125 309.1875 309.4375 309.3125 308.75 308.3125 308.125 308.0625 308.3125 308.625 308.25 309 308.9375 308 308 308 308 308 307.75 307.8125 307.875 307.6875 307.3125 NA NA NA NA NA NA NA NA NA NA NA 
NA NA NA NA NA NA NA NA NA NA NA NA NA NA NA NA NA NA NA NA 292.5833 293.4375 294.4375 295.6875 296.6875 296.8125 296.4375 297.8125 298 297.8125 297.625 297.9375 298.625 298.625 299.5 300 300.0625 300.375 300.0625 300.1875 301 301 301 300.9375 301 301.3125 301.25 301.875 302.375 302.9375 303 303.3125 303.5625 303.5 303.875 303.8125 304.0625 304.25 304 304.75 305 305 305 305 305.0625 305.375 305.9375 306 306 306.0625 306.0625 306.875 307 307 307 307 307 307.0625 307 307.4375 307.4375 307.75 307.8125 307.625 307.9375 309.0625 310.0625 310.125 309.625 309.875 310.1875 309.9375 309.4375 308.8125 308.75 308.4375 308.875 308.5 308.4375 308.25 308.8125 308.75 308.875 308.8125 308.25 308 308.3125 308.625 307.9375 307.0625 307.5 307.9375 307.75 308 NA NA NA NA NA NA NA NA NA NA NA 
NA NA NA NA NA NA NA NA NA NA NA NA NA NA NA NA NA NA NA NA NA 292.625 293.3846 293.6667 294.5 296 296.1875 297.125 297.75 297.9375 297.9375 298.1875 298.0625 298.875 298.9375 299.4375 299.8125 300.125 300.9375 300.375 300.625 300.875 301.3125 301.375 301 301.1875 301.9375 302.0625 303 303 303 303.3125 303.0625 303.6875 303.5 304 304 304 304.375 304.4375 304.4375 304.9375 305 305.25 305.5 305.125 305.9375 306 306 306.1875 306.3125 306.375 306.75 307 307 307 307.5 307.8125 307.75 307.875 307.875 307.375 307.875 308.125 308.0625 308.75 309.0625 309.3125 309.5 309.9375 310.75 310.875 310.9375 308.8125 308.625 308.875 308.875 309 308.6875 308.9375 308.5 308.5625 308.875 309 308.625 308.375 308.5625 308.5625 307.75 307.625 307.9375 308 308 308.4 NA NA NA NA NA NA NA NA NA NA NA 
NA NA NA NA NA NA NA NA NA NA NA NA NA NA NA NA NA NA NA NA NA NA NA NA 294.2 294.9375 296.3125 296.8125 297.6875 297.8125 298 298.0625 298.375 299 299 299.8125 300 300.125 300.4375 300.5625 300.75 301 301 301.6875 301.875 301.375 301.8125 302.0625 302.6875 303 303 303 303.0625 303.0625 303.625 304 304 304.0625 304.5625 304.875 304.8125 305 305 305.125 305.1875 305.5625 306 306 306.125 306.25 306.1875 306.75 306.125 306.9375 307 307 307 307.0625 307.8125 308 307.875 307.875 308.0625 308.1875 309 309.5 309.75 309.9375 310.4375 310.875 310.875 310.9375 311 309.5625 308.375 309 309.1875 309 309 309 309 308.5625 308.9375 308.875 308.375 308.1875 308.75 308.25 308.5625 308.625 308.3125 308.5833 NA NA NA NA NA NA NA NA NA NA NA NA NA 
NA NA NA NA NA NA NA NA NA NA NA NA NA NA NA NA NA NA NA NA NA NA NA NA 294.8667 295.1875 295.375 296.0625 297.625 297.6875 297.75 298.125 298.0625 298.75 299.125 299.75 300 300.125 300.125 300.1875 300.5625 301 301 301.625 301.9375 301.8125 301.75 302 302.25 302.375 302.75 303.25 303.375 303.5 303.5 304 304 304.0625 304.75 304.3125 304.875 305 305 305 305.8125 306 306.0625 306.5 306.6875 306.1875 306.375 306.8125 306.375 307 307 307 307 307 307.5625 307.375 307.9375 308.0625 308.625 308.875 309 309.6875 310.125 310.375 310.6875 310.6875 310.75 310.9375 310.5 309.75 308.1875 309 309 309.1875 309.375 309 309.125 309.3125 308.9375 308.9375 309 308.9375 308.75 309.1429 NA NA NA NA NA NA NA NA NA NA NA NA NA NA NA NA NA 
NA NA NA NA NA NA NA NA NA NA NA NA NA 291.8667 293 292.3077 NA NA NA NA NA NA 293.9286 294.8125 295.4375 295.3125 296.125 296.375 297.375 297.9375 298.125 298.3125 298.4375 298.625 298.6875 299.125 299.5 299.875 300.0625 300.375 300.25 300.875 301 301 301.375 301.875 302 302 302.3125 302.9375 303.25 303.5625 303.0625 303.375 303.375 304 304 304 304.1875 304.5 304.9375 305 305 305 305.5625 306 306.1875 306.0625 306 306.125 306 306.625 307 307 307 307 307 307.125 307.125 307.25 307.75 308.375 308.5625 308.4375 309.1875 310.125 310.5 311 311 310.9375 311 310.875 310.5 309.75 308.9375 309 309.375 309.375 309.75 309.25 309.5625 309.6875 309 309 309 309 309 309.3846 NA NA NA NA NA NA NA NA NA NA NA NA NA NA NA NA NA 
NA NA NA NA NA NA NA NA NA NA NA NA NA NA 293.5625 293.0625 292.875 294.375 293.875 293.875 293.5 293.6875 294.3125 294.6875 295.3125 295.8125 296.125 296.5625 297.75 298.125 297.75 298 298.0625 299 299.0625 299 299.5625 299.8125 300.0625 300.625 300.4375 300.25 300.875 301 301.4375 302 302 302 302.6875 303 303.125 303.75 303.625 303.375 303.5625 304 304 304 304 304.8125 305 305 305.0625 305.5625 305.125 305.875 306 306 306 306 306 306.4375 307 307 307 307 307.125 307 307.1875 307.75 307.9375 307.875 308.625 308.5625 309 309.8125 310.4375 310.875 310.75 310.1875 310.4375 309.75 310.0625 309 309.1875 309.0625 309.1875 309.25 310 309.8125 309.375 309.6875 309.1875 309.4375 309.125 309.0625 309.4375 309.9 NA NA NA NA NA NA NA NA NA NA NA NA NA NA NA NA NA 
NA NA NA NA NA NA NA NA NA NA NA NA NA NA 295.125 294.75 294.75 295.5625 296.3125 296.625 296 295.75 296.0625 295.4375 296.1875 297.0625 297.375 297.4375 297.6875 298.3125 298.4375 298.375 298.5 298.75 299.1875 299.25 300 300.125 300 299.6875 300.3125 300.3125 300.4375 300.9375 301.25 302 302 302 303 303 303 303.1875 303.5 303.8125 304 304 304 304 304 304.25 305 305 305.1875 305.8125 305.4375 305.625 306 306 306 306 306.3125 306.6875 306.6875 307 306.8125 307 307.9375 307.25 307.9375 308 308 308 308.5 308.6875 308.875 309.625 310.3125 310.875 309.8125 309.8125 309.6875 309.625 309.1875 309 309.25 309 309.0625 309.3125 309.9375 309.6875 309.3125 309 309 309.0625 309.375 309.3125 310 NA NA NA NA NA NA NA NA NA NA NA NA NA NA NA NA NA NA 
NA NA NA NA NA NA NA NA NA NA NA NA NA NA NA 294.9 295.375 295.3125 296.375 297 297 297.125 297.0625 297.8125 297.5625 297.5625 297.875 298.25 298 297.9375 298.125 298.6875 299 299 299 299.5625 300 300.25 300 300.125 300.5625 300.625 301 301.375 301 301.6875 302 302.375 303 303 303 303.0625 304 304 304 304.3125 304.0625 303.625 304 304 304.8125 305.5 305.6875 305.875 305.8125 305.8125 305.9375 306 306 306.25 306 306.1875 306.25 307.1875 306.9375 306.875 308 307.75 307.8125 308 308 308 308 308.3125 308.5625 309.3125 309.875 310.3125 310.375 309.625 309.125 309.125 309.0625 309.125 309.3125 309.5625 309.8125 310 310 310 309.8125 309.875 309.5625 309.9375 309.3125 309.625 310 NA NA NA NA NA NA NA NA NA NA NA NA NA NA NA NA NA NA 
NA NA NA NA NA NA NA NA NA NA NA NA NA NA NA NA 296 295.8125 296.4375 297.125 297.0625 296.9375 297.0625 297.9375 298.0625 297.75 298 298 298.5 298.5 298.375 298 298.1875 299 299.3125 300 300 300 300.1875 300.375 300.125 300.875 301 301.1875 301.75 301.625 301.8125 302 303 303 303.3125 304 304 304 304 304.4375 304.75 303.875 304 304 304.375 305.125 305.5 306 306.4375 306.1875 306 306 306 306 306.0625 306.125 307 307.4375 307 307 308 308 308 308 308 308.125 308.25 308.1875 308.4375 308.875 309.75 309.5625 309.8125 309.875 309.375 309 309.5625 309.9375 309.9375 310 310 310.0625 310.1875 310.125 310 309.875 310 310 309.1875 309.8125 310.0833 NA NA NA NA NA NA NA NA NA NA NA NA NA NA NA NA NA NA 
NA NA NA NA NA NA NA NA NA NA NA NA NA NA NA NA NA 295.5833 295.3333 295.9375 296 296.75 297.75 298.0625 298.125 298.5625 298.75 298.625 299 299.4375 299.6875 299.5625 299.3125 298.5625 299.3125 299.875 300 300.125 300.125 300.875 300.5 300.75 300.875 301 301.25 302.3125 302.3125 302 302.9375 303 303.125 304 304 304 304 304.125 304.875 304.3125 304 304.125 304.625 305.0625 305.625 306 305.9375 306.1875 306 306.0625 306.25 306.6875 306.5 306.875 307.1875 307.375 307 307.1875 308 308 308 308 308 308 308.4375 308.375 308.5625 309.25 309.6875 309.1875 308.9375 309 309.0625 309 309.3125 309.5625 309.625 310 310.0625 310 310 310 310 309.6875 309.6875 309.6875 309.75 310 NA NA NA NA NA NA NA NA NA NA NA NA NA NA NA NA NA NA NA 
NA NA NA NA NA NA NA NA NA NA NA NA NA NA NA NA NA NA NA 295.5385 296.125 297.125 298.3125 298.9375 299.125 298.625 298.625 299 299.1875 299.6875 300 300 299.8125 299.5 299.625 299.9375 300.25 300.1875 300.1875 301 301 301.125 300.875 301.125 301.875 302 302.5 302.8125 303 303 303 303.8125 304 304 304 304 304.1875 304.75 304.4375 304 305 305.0625 305.5625 305.9375 306.0625 306.0625 306.125 306.0625 306.5625 306.875 307 306.875 307.125 307.0625 307 307.1875 308 308 308 308 308 308.125 308.25 308.3125 308.875 309.125 309.8125 310 309.75 309.375 309.5625 310.4375 310.8125 309.8125 309.9375 309.9375 310 310.0625 310.25 310.125 310 309.875 310.0625 310 309.9375 310 310.1538 NA NA NA NA NA NA NA NA NA NA NA NA NA NA NA NA NA NA 
NA NA NA NA NA NA NA NA NA NA NA NA NA NA NA NA NA NA NA NA 297.1333 298.1875 299.3125 299.3125 299.8125 300.3125 300.375 300.1875 299.8125 300.125 300.5 300 300.0625 299.9375 300.5625 300.125 300.1875 300.5 300.6875 301.125 301.75 301.75 301.75 301.5625 302.1875 302.75 302.75 303.4375 303 303 303.125 303.5625 304 304 304 304 304.1875 304.3125 304.5625 304.3125 305 305 305.125 305.875 306.1875 306.0625 306 306 306.3125 306.625 306.5 306.5625 306.8125 307 307.3125 307.75 308 308 308 308 308 308.0625 308.25 308.5 308.625 309 309.5625 310.1875 310 310.375 310.75 310.75 311.3125 310.875 310.625 310.75 310.5 310.4375 310.1875 310.25 310.625 310.125 310.625 310.3125 310 310.1875 310.6875 NA NA NA NA NA NA NA NA NA NA NA NA NA NA NA NA NA NA 
NA NA NA NA NA NA NA NA NA NA NA NA NA NA NA NA NA NA NA NA NA 298.4375 298.9375 298.9375 300.125 300.75 301 300.75 300.8125 300.9375 300.75 300.5625 300.5625 300.25 300.875 301.3125 301.25 301.125 301 301.125 301.6875 302 302.0625 302.1875 302.5 302.6875 303 303.3125 303.4375 303.25 303.375 303.75 303.9375 303.9375 304 304 304.125 304.75 304.625 305 305 305 305.1875 305.5625 305.4375 306 306.0625 306 306 306.25 306.875 307 307 307.8125 307.875 307.75 308 308 308 308 308.8125 309 308.9375 308.9375 308.9375 309.5 310.5625 310.0625 310 310.0625 310.25 310.3125 311 311 310.875 311 311.25 311.0625 310.75 310.5625 311.625 310.5 310.25 310.375 310 310.3125 310.9375 311.3 NA NA NA NA NA NA NA NA NA NA NA NA NA NA NA NA NA 
NA NA NA NA NA NA NA NA NA NA NA NA NA NA NA NA NA NA NA NA NA 299.6667 299.25 299.75 300.5 301 301 301.4375 300.625 301.125 300.75 301.25 300.9375 300.4375 301.25 301.375 301.5 301.4375 300.9375 301.0625 301.875 302.375 302.25 302.5 302.9375 303.3125 303.25 303.5625 303.1875 303.25 303.0625 303.4375 303.1875 303.375 303.8125 304 304.1875 304.1875 304.625 304.8125 305 305 305 305.25 305.5 305.5625 306.0625 306 306 306.4375 307 307 307 308 307.9375 308 308 307.9375 308 307.9375 308.3125 309 309 309 309.3125 309.5 310.4375 310.3125 310 310 310 310.0625 310.5625 310.9375 310.9375 310.9375 311.125 311.3125 310.5625 311 310.875 310.5 310.4375 310.25 310.9375 310.875 311.0625 311.125 311.375 NA NA NA NA NA NA NA NA NA NA NA NA NA NA NA NA 
NA NA NA NA NA NA NA NA NA NA NA NA NA NA NA NA NA NA NA NA NA 298.5333 299.625 299.375 300.625 300.75 301.0625 301.9375 301.9375 301.5 301.4375 301.4375 301.1875 301.5 301.75 302.125 301.6875 301.375 301.4375 300.9375 301.6875 302.3125 303 303 303.25 303.625 304.0625 304.125 303.5 304.375 303.6875 302.8125 303.125 303.75 304.375 304.5625 304.375 304.9375 304.4375 304.625 304.9375 305 305 305.0625 305.125 305.5625 305.75 306 306.0625 306.25 307 307 307 308 308 308 307.75 308.125 308.1875 308.125 308.375 309 309 309 309 309.5 310 310.25 310.375 310 310 310.0625 309.875 310.0625 310.4375 310.5 310.9375 311.125 311 311 311 311 310.8125 310.0625 310.75 310.9375 310.875 310.75 310.75 311.1875 NA NA NA NA NA NA NA NA NA NA NA NA NA NA NA 
NA NA NA NA NA NA NA NA NA NA NA NA NA NA NA NA NA NA NA NA 297.7 298.625 298.9375 298.625 299.6875 300.5625 300.5 301.5 302.125 301.8125 301.9375 301.9375 302.0625 301.875 302.1875 302.3125 302.625 302.125 301.5 301.875 301.6875 302.0625 302.1875 303.125 303.5 303.875 304.5625 304.8125 303.75 304.5 303.5625 302.9375 303.125 304.875 304.6875 304.375 304.25 305.0625 305.4375 304.625 304.875 305 305.0625 305.0625 305.375 305.375 305.8125 306 306.25 306.9375 307 307 307 307.9375 308 308 308 308.375 308.9375 308.4375 308.125 308.6875 309 309 309 309.5625 310 310.5 310.6875 310.375 311 310.8125 311.25 311.3125 311.4375 311.6875 310.625 311.125 311.0625 310.875 311 311 311 310.4375 311 311.125 311.5 311.625 311.875 311.8125 NA NA NA NA NA NA NA NA NA NA NA NA NA NA NA 
NA NA NA NA NA NA NA NA NA NA NA NA NA 298 298.625 297.9375 297.75 297.4445 297.9 299 298.8182 298 299.1875 299.9375 299.625 300.4375 300.6875 301.25 301.9375 302.625 302.625 302.6875 302.4375 302.625 302.625 303.4375 303.1875 302.9375 302.1875 302.3125 302.5625 302.6875 302.4375 303.125 303.5625 303.9375 304.875 305.6875 305.625 305.5 305.0625 303.5 303.125 303.3125 303.875 304.75 304.6875 304.9375 305.6875 305.9375 305.5625 305.5625 305.1875 305.125 305.375 305.75 305.875 306 306 306.4375 306.9375 307 307 308 308 308 308 308.4375 308.8125 308.75 308.3125 309 309 309.0625 309.6875 309.6875 310 310.4375 310.875 310.9375 311.125 311.5625 311.5625 311.8125 312 312 311.6875 311.5 311.4375 310.75 311 311 311 310.9375 311 311.125 311.75 312.0625 311.875 312.1875 NA NA NA NA NA NA NA NA NA NA NA NA NA NA NA 
NA NA NA NA NA NA NA NA NA NA NA NA NA 299.1875 299.5625 299.0625 299.5 298.2308 298.7857 298.9375 299.1875 298.4375 298.5625 299.5625 299.8125 301 300.9375 301.5 302.125 302.25 302.875 303.0625 303.3125 303.625 303.25 303.9375 303.5625 302.5625 303 303.4375 303.0625 302.75 303 302.9375 303.875 305 305.3125 304.625 305.1875 304.4375 304.9375 305.25 304.6875 303 303.75 305.0625 305.6875 306.125 306.6875 306.9375 307 306.8125 306.875 306.3125 305.625 305.9375 306 306 306 306.5625 307 306.9375 307 308 308 308 308.125 308.5 309 308.8125 308.5 309 309.0625 309.0625 309.1875 309.9375 310 310.0625 310.75 310.8125 311 311 311.375 311.875 311.625 311.8125 312 311.625 311.75 311.3125 310.6875 310.5 310.75 311 310.875 311.125 311.1875 311.5625 311.8125 312.0625 NA NA NA NA NA NA NA NA NA NA NA NA NA NA NA 
NA NA NA NA NA NA NA NA NA NA NA NA 299.4546 299.8125 299.4375 298.8125 298.625 299.375 299.25 300.125 300.625 300.875 299.3125 299.125 300.125 300.75 301.125 301.4375 302.3125 302.1875 302.75 302.5625 303 303.8125 304.125 304.8125 304 303.125 303.625 303.3125 303.0625 303.3125 303.0625 303.9375 304.5625 304.625 305 304.75 304.0625 304.125 303.5 304.125 304.8125 303.375 303.9375 305.1875 305.25 305.4375 306.3125 306.6875 306.25 306.375 306.75 307.125 306.875 306.875 306.625 306.3125 306.5 306.75 306.75 307 307 308 308 308 308.1875 308.8125 308.9375 308.9375 308.9375 309 309.0625 309 309.6875 309.75 310.375 310.625 310.6875 310.6875 311 311 311.375 311.0625 311.375 311.375 311.0625 311 311.125 311.0625 310.8125 311.1875 311.1875 311 310.625 310.75 311.1875 311.5625 312.125 312 312.4286 NA NA NA NA NA NA NA NA NA NA NA NA NA NA 
NA NA NA NA NA NA NA NA NA NA NA NA NA 299.6 299.1875 299.4375 300.625 300.6875 300.9375 300.8125 301.375 302 301.5625 300.4375 299.5625 300.125 301.1875 301.8125 302.5 303.3125 303.3125 303.75 303.25 304 304.4375 304.75 304.9375 304.0625 303.3125 303.5 303.5 303.875 303.5 304.4375 305.5 305.5625 304.9375 304.875 305.125 306.1875 304.8125 303.6875 304.5 303.3125 303.6875 304.5 304.6875 305.8125 307 308.125 307.125 307.25 306.375 306.375 306.8125 306.6875 306.125 306.0625 306.5 307 307 307 307 307.9375 308 308 308.0625 308.1875 308.375 309 309 309 309 309.125 310 310.1875 310.3125 310.6875 310.875 310.9375 311 311 310.9375 310.4375 310.5 311 311.125 311.125 310.8125 311.375 311.5625 311.875 312.0625 311.875 311.625 310.625 310.6875 311.125 311.625 311.875 312.0625 313.4445 NA NA NA NA NA NA NA NA NA NA NA NA NA 
NA NA NA NA NA NA NA NA NA NA NA NA NA NA NA 300.7273 301.125 301.375 302.3125 303 302.375 302.75 301.4375 300.8125 300.0625 300.9375 301.9375 302.6875 302.8125 303.3125 303.9375 304.0625 304 304 304.8125 305 305.6875 305.5625 304.6875 304.4375 303.6875 303.9375 304.1875 305.5625 306 305.8125 304.9375 305.9375 306.1875 306.1875 305.1875 304.6875 304.1875 303.8125 304.3125 304 305.1875 305.9375 306.4375 307.375 307.75 307.875 307.5 306.5625 306.0625 306.6875 306.3125 306.125 306.5 306.5 307 306.875 306.75 307.9375 308 308.5 308.3125 309.1875 309.0625 309.0625 309 309 309 309.3125 309.625 309.75 310.125 310.1875 310.9375 311 311 310.75 310.9375 311.25 311.375 311 311 311 310.9375 311 311.6875 311.8125 312.0625 312 312.0625 311.9375 311.75 311 311.125 311.5625 312.1875 312.4375 312.5625 NA NA NA NA NA NA NA NA NA NA NA NA 
NA NA NA NA NA NA NA NA NA NA NA NA NA NA NA NA NA 302.9167 303.5625 304 304 304 302.9375 301.375 300.4375 301.3125 302.0625 302.1875 303.875 304.75 304.5625 304.1875 304.1875 304.4375 305.125 305.75 305.6875 306 305.6875 304.5 305.0625 304.5625 304.9375 305.9375 306.625 306.125 305.875 305.6875 306.4375 306.375 305.875 304.875 305.0625 304.375 304.375 304.125 304.625 305.3125 306.3125 306.6875 307.25 307.875 308 306.75 306.625 306.375 306.875 306.6875 306.25 307 306.6875 306.625 306.875 308.0625 308.3125 308.9375 309.25 309.4375 310.5 309.5625 309.25 309.1875 309.125 309.5 309.5625 309.8125 310.1875 310.25 310.4375 311 311 311.125 311.625 312 312 311.6875 311.0625 311 311 311 311.1875 311.4375 312 312 312 312.125 311.9375 311.4375 311.0625 311.125 311.875 312.0625 312.375 313 313.9375 315.25 NA NA NA NA NA NA NA NA NA 
NA NA NA NA NA NA NA NA NA NA NA NA NA NA NA NA NA NA NA 304.3333 304.1875 303.9375 302.0625 301.4375 301.0625 301.4375 301.625 302.625 304.375 304.6875 305.125 305.1875 304.8125 304.9375 305.5 306 306 306.0625 305.9375 305 305.3125 305 305.75 306.375 306.3125 306.625 306.625 306.1875 306.6875 306.125 305.25 304.5625 304.8125 304.4375 304.125 304.1875 305.75 305.4375 306.1875 306.5625 308 308.1875 308.25 307.25 306.75 306.875 306.6875 306.75 306.5 307 306.25 307.0625 307.8125 308.8125 309.25 309.1875 309.4375 310.0625 309.9375 310.4375 310.25 309.9375 309.3125 310 310.3125 310.5625 310.75 310.375 310.375 311 311 311 311 311 311.3125 311.5 311.25 311.0625 311.5625 311.25 311.125 311.125 311.5625 311.625 311.5625 311.75 312 311.625 311.125 311.625 311.6875 311.875 312.625 313.5625 313.8125 313.3125 314.4375 313.8667 NA NA NA NA NA NA NA 
NA NA NA NA NA NA NA NA NA NA NA NA NA NA NA NA NA NA NA NA 305 303.25 302.5 302.5625 301.25 301.6875 302.5 303.5 304.1875 304.6875 305 305.5 305.75 305.9375 305.75 306 306 306.1875 306.6875 305.875 305.6875 306 307 307.25 307.1875 306.8125 306.8125 306.6875 306.9375 305.5 305.125 305.5 304.375 304.5 304.25 304.3125 305.375 307 308.25 309 308.5 308.75 308.125 307.125 307 307.375 307.125 306.75 306.75 306.5625 306.3125 306.6875 307.4375 308.75 308.9375 308.75 309 309 309.125 309.625 309.8125 310 310 310.0625 310 310.125 310.5625 310.625 310.875 311 311 311 311.0625 311.0625 311 311.1875 311 310.75 310.8125 310.5625 311 311.5 311.9375 312.4375 312.8125 312.1875 311.375 312 311.4375 311.1875 311.875 311.875 312.5625 313.1875 313.1875 312.4375 312.8125 313.125 313.9375 315 NA NA NA NA NA 
NA NA NA NA NA NA NA NA NA NA NA NA NA NA NA NA NA NA NA NA NA 304.8889 303.75 302.9375 302.9375 302.375 302.1875 303.3125 305.4375 305.125 305.8125 306 306.0625 306.0625 306.25 306.0625 306 306 306.25 306.8125 306.375 306.875 306.375 305.9375 307.0625 307.6875 307.75 307.5625 306.125 306 305.0625 304.75 305 304.4375 304.375 305.0625 305.5 306.875 308.8125 309.625 309.8125 308.375 308 308 307.5625 307.25 306.9375 306.6875 307.125 306.625 307.25 307.0625 307.375 308.25 308.9375 308.8125 309 309 309 309.25 309.4375 309.875 310 310.125 310.1875 310.3125 311 311 311 311 311 311 311 311 311 310.9375 310.5625 310.625 311.0625 310.75 310.4375 310 310.875 311.5625 312 312 311.375 311.125 311.3125 311.1875 311 311.8125 312.125 312.125 312.3125 313.0625 314.0625 314.625 314.75 314.875 315.4445 NA NA NA NA 
NA NA NA NA NA NA NA NA NA NA NA NA NA NA NA NA NA NA NA NA NA 305.6667 305.0625 303.9375 304.0625 304.0625 303 303.5625 305.1875 306.4375 306.75 305.8125 306.25 306.5 306.25 306.125 306.4375 306.125 306.4375 306.0625 306.5 306.75 305.9375 306 306.0625 307.3125 307.125 306.125 305.375 305.9375 305.25 304.9375 304.875 304.4375 304.8125 305.0625 305.625 306.3125 307.75 309.2143 309.5714 307.875 307.75 307.75 307.3125 307.375 307.375 307.375 307.3125 308 307.75 307.375 308 308.0625 308.6875 309 309 309 309 309.125 309.1875 309.5 309.9375 310 310 310.5625 310.75 310.9375 311 311 311 311 311 311 311 310.5625 311.125 310.5 311 311.375 311.4375 310.875 310.25 310.375 310.625 311.125 310.9375 310.6875 310.8125 311.0625 311.4375 311.125 311.125 312.0625 311.6875 312.5 312.5625 314.125 313.625 314.4375 313.5333 NA NA NA NA 
NA NA NA NA NA NA NA NA NA NA NA NA NA NA NA NA NA NA NA NA NA NA NA 305.2727 304.4375 303.1875 303.625 303.6875 304.1875 305.5 306.5 306.375 306.8125 307 307 306.5625 306.625 306.9375 306.1875 306.875 307 307 306.5625 305.375 305.625 306.0625 305.5625 305 305.0625 305.6875 305.1875 304.75 304.5 304.75 305 304.8125 305.0667 NA NA NA NA 308 307.1875 307.3125 307.375 307.0625 307.3125 307.0625 307.5625 307.75 307.5625 307.25 307.8125 308 308.3125 308.5625 308.9375 309 309 309 309.0625 309.0625 309.3125 309.25 310 310.4375 311 311 311 311 311 310.875 311.125 311.3125 311.5625 310.5 310.5625 311.0625 311.0625 311 311 311 310.875 309.9375 310 310 310.25 310.125 310.4375 310.1875 310.9375 311 311.3125 312.1875 312.0625 311.5625 311.8125 312.125 313.4375 313.625 313.4375 313.5333 NA NA NA 
NA NA NA NA NA NA NA NA NA NA NA NA NA NA NA NA NA NA NA NA NA NA NA NA 305.1111 304.0625 303.6875 304.125 303.6875 305.375 305.6875 306.3125 307.0625 307.1875 307.3125 306.875 306.5 306.625 306.8125 307 307 307 307 305.875 305.25 305.9375 306.3125 305.6875 305.3125 305.1875 305.375 304.875 304.625 304.7692 305.25 305.125 NA NA NA NA NA 307.25 307.4667 307.125 308.125 307.875 307.375 307.75 306.5625 306.6875 306.8125 307.5 308 308 308.0625 308.125 308.0625 308.125 308.9375 308.9375 309 309.1875 309 309.0625 309.125 309.75 310.375 310.8125 311 311 311 311 311.0625 311.375 311 311 311 311 311.4375 311.625 311.0625 310.5625 311.5 310.4375 309.9375 310.1875 310 310.25 310.8125 310.9375 310.375 310.9375 311.0625 311.9375 312.0625 312.375 312.1875 311.75 312.4375 312.875 313.1875 313.6875 313.875 315 NA 
NA NA NA NA NA NA NA NA NA NA NA NA NA NA NA NA NA NA NA NA NA NA NA NA NA NA 304.7273 303.9167 304 304.625 305.1875 306.0625 307.125 307.9375 307.4375 307.4375 307.125 307.3125 307 307 307 307 307.125 307 306.5625 305.3125 304.9375 304.8125 305.125 305.3125 305.1875 304.875 305.125 305.4375 NA NA NA NA NA NA NA 307.2 307.7333 307.4375 307.8125 307.75 307.3125 307.9375 307.125 307.625 306.8125 307 307.1875 307.9375 308 307.9375 307.9375 308.5625 308.8125 308.3125 309.25 309.75 309.25 309.125 310.0625 309.6875 310 310.4375 311 311 311 311 311 311 311 311 310.875 310.875 311 311.125 312.5 312.625 312.375 312.125 310.125 310.6875 311.25 311.4375 311.5625 311.25 311.5625 312 311.5625 311.8125 312.0625 312.375 312.5625 312.125 311.5625 312.25 312.75 313.25 313.5 314.0625 314.6875 
NA NA NA NA NA NA NA NA NA NA NA NA NA NA NA NA NA NA NA NA NA NA NA NA NA NA NA NA NA 305.0625 305.875 306.875 306.75 307.5625 308 307.8125 307.25 307.5625 307.1875 307.25 307.1875 306.5625 306.75 306.6875 306.9375 307 306.0625 305.0625 304.0625 304.8125 305 305 305.125 305.75 306.0625 NA NA NA NA NA NA NA NA 308.2222 308.3333 308.0833 307.8 307.5625 307.9286 308.25 307.375 307.125 306.75 307 307.125 307.375 307.75 308.5 308.8125 308.4375 308.875 309.1875 309.9375 309.625 310.375 310.0625 310 310.5 310.5625 311 311 311 311 311 311 311.4375 311.75 311.3125 311 311 311 312.875 313.9375 313.8125 311.6875 310.5 311.25 311.9375 311.75 311.125 311.25 311.9375 312 312 312 311.625 312.125 312.5625 312.6875 312.1875 312 312.0625 312.75 313.875 314.0625 
NA NA NA NA NA NA NA NA NA NA NA NA NA NA NA NA NA NA NA NA NA NA NA NA NA NA NA NA NA NA 305.8889 307 306.7857 307.2 308 307.875 307.6875 307.5625 307.5 307.875 307.75 306.875 306.3125 306.875 306.875 307 306.125 305.0625 305.125 304.9375 305 305.0625 305 305.5 306.0625 306.25 NA NA NA NA NA NA NA NA NA NA NA NA NA 308.625 307.625 307.3125 307 307.375 307.1875 308.0625 308 307.9375 308.375 308.875 309 309.3125 309.0625 309.1875 309.6875 310 310 310.25 310.75 310.5 310.25 310.875 310.875 311 311 311 311.125 311.5625 311.5625 311.0625 311 311 311.5625 313.125 312.4375 310.8125 311.1875 311.0625 311.5 311.6875 312.0625 311.75 311.75 311.6875 312 311.875 311.5 312 312 311.875 311.875 312.25 312.3125 313.25 313.6364 
NA NA NA NA NA NA NA NA NA NA NA NA NA NA NA NA NA NA NA NA NA NA NA NA NA NA NA NA NA NA NA NA NA NA NA 307.8 307.3125 307.5 307.8125 307.9375 307.875 307.1875 307.0625 306.8125 306.875 306.4375 306.0625 305.3125 305.375 304.875 305.25 305.375 305.75 306.125 306.6875 306.5454 NA NA NA NA NA NA NA NA NA NA NA NA NA NA 307.6875 307.375 307.25 307.5625 307.3125 307.6875 308.5625 308.6875 308.25 308.25 308.5625 308.8125 309 309 309.0625 309.75 310 310 310 310 310.9375 310.9375 310.875 310.875 311 311 311 311 311.1875 311.9375 311 311 311 311.125 311.3125 311.6875 311.125 311 311 311.75 311.875 311.875 311.625 311.6875 311.8125 312 311.8125 312.0625 312.3125 312 311.9375 311.625 311.6667 NA NA 
NA NA NA NA NA NA NA NA NA NA NA NA NA NA NA NA NA NA NA NA NA NA NA NA NA NA NA NA NA NA NA NA NA NA NA NA 307.8462 307.5625 307.75 307.375 307.375 307.5625 306.625 306.625 306.8125 306.875 306 305.4375 305.5625 305 305.4375 305.75 306.125 306.3125 306.875 306.625 NA NA NA NA NA NA NA NA NA NA NA NA NA NA 308.1429 307.875 307.625 307.875 307.625 307.5 308 308.1875 308.625 309.125 308.8125 308.8125 308.5625 308.9375 309 309.3125 309.9375 310 310 310 310.75 310.875 310.5 310.6875 311 311 310.9375 311 311.1875 311.625 311.8125 310.5625 310.8125 310.8125 310.75 310.6875 310.75 310.9375 311 311.125 312.1875 312.5625 312 311.9375 311.375 311.625 311.3125 311.625 311.8125 311.75 311.625 312 NA NA NA 
NA NA NA NA NA NA NA NA NA NA NA NA NA NA NA NA NA NA NA NA NA NA NA NA NA NA NA NA NA NA NA NA NA NA NA NA NA 308 308 307.5625 307.4375 307.25 306.875 306.625 306.0625 306 306.3125 306.125 305.5 305.75 305.9375 306.0625 306.4286 306.75 NA NA NA NA NA NA NA NA NA NA NA NA NA NA NA NA NA NA NA 308 307.375 307.5 308 308.4375 308.9375 309.3125 309.8125 309.1875 308.875 309 309 309.125 309.6875 310 310 310 310 310 310.5625 310.8125 311 311 311 311 310.9375 310.875 311.0625 310.75 310.6875 310.1875 310.125 310.3125 310.5625 310.75 311 311 311.8125 312.875 312.8125 311.5 311.125 311.5 311.5 311 310.6875 310.4375 310.5714 NA NA NA NA 
NA NA NA NA NA NA NA NA NA NA NA NA NA NA NA NA NA NA NA NA NA NA NA NA NA NA NA NA NA NA NA NA NA NA NA NA NA NA 308.5 307.75 NA 306.5 306.625 306.3125 306.1875 306 306 306.6875 305.4375 305.0625 305.4 305.6 NA NA NA NA NA NA NA NA NA NA NA NA NA NA NA NA NA NA NA NA NA 308.0625 307.5 307.375 307.625 308.25 308.9375 309.4375 308.75 309 308.6875 309 309 309.3125 310 310 310 310 310 310.0625 310.25 310.25 310.5 310.8125 311 310.6875 310.9375 310.5625 310.375 310.1875 310.1875 310.3125 310.5625 310.8125 311.1875 311.4375 311.0625 310.625 311.25 312.375 312.0625 312.1875 310.8125 311.375 311.875 311.8125 311.3125 NA NA NA NA NA NA 
NA NA NA NA NA NA NA NA NA NA NA NA NA NA NA NA NA NA NA NA NA NA NA NA NA NA NA NA NA NA NA NA NA NA NA NA NA NA NA NA NA NA NA 306.5 306.125 306.0625 306.125 306.1875 305.9375 306.25 NA NA NA NA NA NA NA NA NA NA NA NA NA NA NA NA NA NA NA NA NA NA NA 308 308.0625 308.4375 308.1875 308.25 308.75 308.9375 308.3125 308.6875 308.875 308.9375 309 309.4375 310 310 310 310 310 310 310 310 310 310.1875 310.3125 310.375 310.875 310.75 310.8125 310.8125 310.75 310.9375 310.125 310.75 310.375 310.9375 311.8125 311.5 312.1875 312.0625 312.125 311.625 311.25 311.4375 311.8125 311.9375 311.25 NA NA NA NA NA NA 
NA NA NA NA NA NA NA NA NA NA NA NA NA NA NA NA NA NA NA NA NA NA NA NA NA NA NA NA NA NA NA NA NA NA NA NA NA NA NA NA NA NA NA NA NA NA 306.25 306.75 306.25 307.0625 307.4 NA NA NA NA NA NA NA NA NA NA NA NA NA NA NA NA NA NA NA NA NA NA NA 308.5454 309.0769 308.6875 308 308.625 308.5625 308.5 308.5625 308.75 309 308.8125 309.25 309.5625 309.8125 310 310.0625 310.75 310.625 310.75 310.75 310.75 310.75 310.75 310.9375 310.875 310.875 310.8125 311.5625 312.375 312.625 311.8125 310.75 311.375 311.5625 311.3125 311.5 312.75 312.5625 312.5 312.375 311.5 311.4375 312 311.5625 NA NA NA NA NA NA NA 
NA NA NA NA NA NA NA NA NA NA NA NA NA NA NA NA NA NA NA NA NA NA NA NA NA NA NA NA NA NA NA NA NA NA NA NA NA NA NA NA NA NA NA NA NA NA 306.6875 307.125 307.625 307.5 308 NA NA NA NA NA NA NA NA NA NA NA NA NA NA NA NA NA NA NA NA NA NA NA NA NA 308.875 308.5555 308.9167 308.0625 308.3125 308.3125 308.25 308.1875 308.625 309.4375 309.875 309.9375 309.5625 310 310.125 310.0625 310.4375 310.25 310.75 311 311 310.875 310.25 310.4375 310.9375 311.4375 312.4375 312.4375 311.5 311.6875 312.125 311.375 312.1875 312.125 312.5 NA 313.2222 NA NA NA NA NA NA NA NA NA NA NA NA 
NA NA NA NA NA NA NA NA NA NA NA NA NA NA NA NA NA NA NA NA NA NA NA NA NA NA NA NA NA NA NA NA NA NA NA NA NA NA NA NA NA NA NA NA NA NA 308.2 NA 308.2 NA NA NA NA NA NA NA NA NA NA NA NA NA NA NA NA NA NA NA NA NA NA NA NA NA NA NA NA NA 308.9167 308.375 308.75 308.3125 308.0625 308 308.625 309.4375 309.9375 309.625 309.5 310 309.875 310 310.25 310.8125 310.875 311.125 311.25 311 310.125 309.375 310.3125 311.625 311.9375 312.5625 312.125 313.375 313 312.375 312.5 312.3846 NA NA NA NA NA NA NA NA NA NA NA NA NA NA NA 
NA NA NA NA NA NA NA NA NA NA NA NA NA NA NA NA NA NA NA NA NA NA NA NA NA NA NA NA NA NA NA NA NA NA NA NA NA NA NA NA NA NA NA NA NA NA NA NA NA NA NA NA NA NA NA NA NA NA NA NA NA NA NA NA NA NA NA NA NA NA NA NA NA NA NA NA NA NA 308 307.8125 308.0625 308.25 308.1875 308.25 308.875 309.25 309.5 309.5625 309.375 309.5625 309.6875 310.375 311.0625 311.375 311.375 311.0625 311.5 310.5625 309.125 309.6875 310.8125 311.5 312.375 312.9375 312.875 313.375 313.9375 312.375 312.3077 NA NA NA NA NA NA NA NA NA NA NA NA NA NA NA NA 
NA NA NA NA NA NA NA NA NA NA NA NA NA NA NA NA NA NA NA NA NA NA NA NA NA NA NA NA NA NA NA NA NA NA NA NA NA NA NA NA NA NA NA NA NA NA NA NA NA NA NA NA NA NA NA NA NA NA NA NA NA NA NA NA NA NA NA NA NA NA NA NA NA NA NA NA NA NA 307.6875 307.6875 307.75 307.8125 308.125 307.875 308.125 309.3125 309.375 309.4375 309.4375 309.6875 309.625 310.8125 311.5 311.75 311.875 310.5 310.4375 310.0625 309.25 310.3125 311.1875 312 312.625 313.5625 313.375 313.5 313.1875 312.125 312 NA NA NA NA NA NA NA NA NA NA NA NA NA NA NA NA 
NA NA NA NA NA NA NA NA NA NA NA NA NA NA NA NA NA NA NA NA NA NA NA NA NA NA NA NA NA NA NA NA NA NA NA NA NA NA NA NA NA NA NA NA NA NA NA NA NA NA NA NA NA NA NA NA NA NA NA NA NA NA NA NA NA NA NA NA NA NA NA NA NA NA NA NA NA NA NA NA 307.7 307.8 308.4286 308.1875 308.1875 308.5 309.75 309.6875 310 309.6875 309.625 310.1875 310.75 311.5 311.4375 310.75 310.1875 310.1875 310 310.4375 310.9375 311.4375 311.8125 313.25 313.375 313 312.9375 312.1875 312.375 312.1875 NA NA NA NA NA NA NA NA NA NA NA NA NA NA NA 
NA NA NA NA NA NA NA NA NA NA NA NA NA NA NA NA NA NA NA NA NA NA NA NA NA NA NA NA NA NA NA NA NA NA NA NA NA NA NA NA NA NA NA NA NA NA NA NA NA NA NA NA NA NA NA NA NA NA NA NA NA NA NA NA NA NA NA NA NA NA NA NA NA NA NA NA NA NA NA NA NA NA NA 309 308.5385 308.375 309.375 309.8 310.125 310.125 309.6875 310 310.375 310.9375 310.3125 310.5 310 310.0625 310 310 310.0625 310.75 311.25 312.3125 312.9375 313 313 313.0625 313.0625 312.8462 NA NA NA NA NA NA NA NA NA NA NA NA NA NA NA 
NA NA NA NA NA NA NA NA NA NA NA NA NA NA NA NA NA NA NA NA NA NA NA NA NA NA NA NA NA NA NA NA NA NA NA NA NA NA NA NA NA NA NA NA NA NA NA NA NA NA NA NA NA NA NA NA NA NA NA NA NA NA NA NA NA NA NA NA NA NA NA NA NA NA NA NA NA NA NA NA NA NA NA NA NA 309 NA NA NA 309.75 309.5625 309.6875 310.0625 310.0625 310.125 310.0625 310.0625 310.125 310 310 310 310.3125 311.3125 311.5625 312.3125 313 313.5 313.875 314 314 NA NA NA NA NA NA NA NA NA NA NA NA NA NA NA 
NA NA NA NA NA NA NA NA NA NA NA NA NA NA NA NA NA NA NA NA NA NA NA NA NA NA NA NA NA NA NA NA NA NA NA NA NA NA NA NA NA NA NA NA NA NA NA NA NA NA NA NA NA NA NA NA NA NA NA NA NA NA NA NA NA NA NA NA NA NA NA NA NA NA NA NA NA NA NA NA NA NA NA NA NA NA NA NA NA 310.7333 310.4375 309.5625 310.3125 310.125 309.75 309.9375 309.875 310 309.75 310.375 311.0625 311.3125 312.5 313.1875 312.1875 313.5625 313.3125 313.0625 313.4375 NA NA NA NA NA NA NA NA NA NA NA NA NA NA NA NA 
NA NA NA NA NA NA NA NA NA NA NA NA NA NA NA NA NA NA NA NA NA NA NA NA NA NA NA NA NA NA NA NA NA NA NA NA NA NA NA NA NA NA NA NA NA NA NA NA NA NA NA NA NA NA NA NA NA NA NA NA NA NA NA NA NA NA NA NA NA NA NA NA NA NA NA NA NA NA NA NA NA NA NA NA NA NA NA NA 309.6 309.625 310.4375 310 310.1875 309.25 309.3125 309.25 309.25 310 310.0625 311.125 311.3125 312.125 312.0625 313.3125 313.375 313.375 313.25 313.125 313.3125 NA NA NA NA NA NA NA NA NA NA NA NA NA NA NA NA 
NA NA NA NA NA NA NA NA NA NA NA NA NA NA NA NA NA NA NA NA NA NA NA NA NA NA NA NA NA NA NA NA NA NA NA NA NA NA NA NA NA NA NA NA NA NA NA NA NA NA NA NA NA NA NA NA NA NA NA NA NA NA NA NA NA NA NA NA NA NA NA NA NA NA NA NA NA NA NA NA NA NA NA NA NA NA NA NA 308.75 309.75 309.5 309.125 308.75 308.375 308.75 309 309.125 309.8125 309.875 311.125 311.8125 311.9375 312.8125 313.375 313.0625 312.3125 312.4375 312.375 313.3077 NA NA NA NA NA NA NA NA NA NA NA NA NA NA NA NA 
NA NA NA NA NA NA NA NA NA NA NA NA NA NA NA NA NA NA NA NA NA NA NA NA NA NA NA NA NA NA NA NA NA NA NA NA NA NA NA NA NA NA NA NA NA NA NA NA NA NA NA NA NA NA NA NA NA NA NA NA NA NA NA NA NA NA NA NA NA NA NA NA NA NA NA NA NA NA NA NA NA NA NA NA NA NA NA 308.0769 308.4375 308.375 308.0625 308 308.3125 308.6875 309 309 309.4375 310.375 310.125 311.25 311.625 312.4375 313.25 312.625 313.4375 312.6875 312 311.75 311.875 311.9333 NA NA NA NA NA NA NA NA NA NA NA NA NA NA NA 
NA NA NA NA NA NA NA NA NA NA NA NA NA NA NA NA NA NA NA NA NA NA NA NA NA NA NA NA NA NA NA NA NA NA NA NA NA NA NA NA NA NA NA NA NA NA NA NA NA NA NA NA NA NA NA NA NA NA NA NA NA NA NA NA NA NA NA NA NA NA NA NA NA NA NA NA NA NA NA NA NA NA NA NA NA NA 307.8182 307.6875 307.5 307.75 308 308 308.5 308.8125 308.9375 309.4375 309.8125 309.75 309.9375 310.75 311.75 312.375 313.25 312.4375 312.75 312.25 312.8125 312.3125 311.6875 311.5 311.9375 312.5 NA NA NA NA NA NA NA NA NA NA NA NA NA 
NA NA NA NA NA NA NA NA NA NA NA NA NA NA NA NA NA NA NA NA NA NA NA NA NA NA NA NA NA NA NA NA NA NA NA NA NA NA NA NA NA NA NA NA NA NA NA NA NA NA NA NA NA NA NA NA NA NA NA NA NA NA NA NA NA NA NA NA NA NA NA NA NA NA NA NA NA NA NA NA NA NA NA NA NA 306.4615 306.9375 307 307.5625 308 308 308 308.1875 308.6875 309 309.4375 310.5625 311.25 311.6875 311.625 312.0625 313 313.9375 314.0625 314.1875 313.9375 313.375 313.875 313.5625 312.5 312.25 311.9333 NA NA NA NA NA NA NA NA NA NA NA NA NA 
NA NA NA NA NA NA NA NA NA NA NA NA NA NA NA NA NA NA NA NA NA NA NA NA NA NA NA NA NA NA NA NA NA NA NA NA NA NA NA NA NA NA NA NA NA NA NA NA NA NA NA NA NA NA NA NA NA NA NA NA NA NA NA NA NA NA NA NA NA NA NA NA NA NA NA NA NA NA NA NA NA NA NA NA 306.1111 306.5 306.9375 307 307.1875 307.5625 307.9375 308 308 308.75 309.125 309.625 310.75 311 312.5625 312.6875 313.3125 313.5 313.5 313.8125 314.4375 313.875 314.375 314.375 313.0625 313.0625 312.1875 311.8182 NA NA NA NA NA NA NA NA NA NA NA NA NA 
NA NA NA NA NA NA NA NA NA NA NA NA NA NA NA NA NA NA NA NA NA NA NA NA NA NA NA NA NA NA NA NA NA NA NA NA NA NA NA NA NA NA NA NA NA NA NA NA NA NA NA NA NA NA NA NA NA NA NA NA NA NA NA NA NA NA NA NA NA NA NA NA NA NA NA NA NA NA NA NA NA NA NA NA NA 306.4375 306.875 307 307.25 307.1875 307.75 308 308.1875 308.6875 309 309.25 309.6875 310.4375 311.6875 311.875 312.375 313 313.125 313.4375 314.0625 314.3125 314.5 314.125 313.3125 312.6875 312.1429 NA NA NA NA NA NA NA NA NA NA NA NA NA NA 
NA NA NA NA NA NA NA NA NA NA NA NA NA NA NA NA NA NA NA NA NA NA NA NA NA NA NA NA NA NA NA NA NA NA NA NA NA NA NA NA NA NA NA NA NA NA NA NA NA NA NA NA NA NA NA NA NA NA NA NA NA NA NA NA NA NA NA NA NA NA NA NA NA NA NA NA NA NA NA NA NA NA NA 305.7 306 306.25 307 307 307.25 308.0625 307.75 307.875 308.0625 308.6875 308.3125 308.8125 309.1875 309.375 310.4375 311.5 312.625 313.3125 313.5 313.2857 314.3333 314.3125 313.875 313.375 313 313.4 NA NA NA NA NA NA NA NA NA NA NA NA NA NA NA 
NA NA NA NA NA NA NA NA NA NA NA NA NA NA NA NA NA NA NA NA NA NA NA NA NA NA NA NA NA NA NA NA NA NA NA NA NA NA NA NA NA NA NA NA NA NA NA NA NA NA NA NA NA NA NA NA NA NA NA NA NA NA NA NA NA NA NA NA NA NA NA NA NA NA NA NA NA NA NA NA NA 305.7273 306 306 305.375 305.9375 306.625 307 307 307.8125 307.3125 307.9375 307.9375 308 309.0833 310 310.375 310.125 310.1875 311.1875 312.5625 313 313.5 NA NA 313.3333 313.375 313.2857 313.1429 NA NA NA NA NA NA NA NA NA NA NA NA NA NA NA NA 
NA NA NA NA NA NA NA NA NA NA NA NA NA NA NA NA NA NA NA NA NA NA NA NA NA NA NA NA NA NA NA NA NA NA NA NA NA NA NA NA NA NA NA NA NA NA NA NA NA NA NA NA NA NA NA NA NA NA NA NA NA NA NA NA NA NA NA NA NA NA NA NA NA NA NA NA NA NA NA NA NA NA 305.9091 305.6875 305.125 305.5 306.9375 307 307 307.5333 NA NA 307.6 NA NA NA 310.3636 310.4546 310.1111 NA NA NA NA NA NA NA NA NA NA NA NA NA NA NA NA NA NA NA NA NA NA NA NA NA NA 
NA NA NA NA NA NA NA NA NA NA NA NA NA NA NA NA NA NA NA NA NA NA NA NA NA NA NA NA NA NA NA NA NA NA NA NA NA NA NA NA NA NA NA NA NA NA NA NA NA NA NA NA NA NA NA NA NA NA NA NA NA NA NA NA NA NA NA NA NA NA NA NA NA NA NA NA NA NA NA NA NA NA NA 305.2667 305.1875 305.5 306.3125 306.8667 307 NA NA NA NA NA NA NA NA NA NA NA NA NA NA NA NA NA NA NA NA NA NA NA NA NA NA NA NA NA NA NA NA NA NA NA NA 
